39422
1439
41922
9134
24009
37320
26159
10788
20984
33803
25527
48339
34314
13845
32225
21655
46487
29372
48687
41026
9629
20088
25875
16636
17640
47230
14430
21451
48945
31323
33859
43995
3357
28249
45947
29195
24662
24257
46241
34564
4311
48669
17309
47430
44753
14968
30398
39904
23867
31845
20752
36716
49782
10617
49662
40917
16046
8374
25425
45413
26428
21604
35862
21856
30824
2910
38189
31175
30028
23319
35357
7033
9108
19223
31350
461
30930
33174
22751
32740
20350
7923
20237
26670
18618
7633
3205
25724
27699
48911
46232
49422
49843
32882
35501
40760
14484
5698
22317
44757
25519
20190
4936
12696
37491
28332
15989
20619
12769
37809
24534
40343
44803
34105
27737
12766
17741
14660
7451
16088
45675
17566
39912
7640
16042
44440
49774
36810
45156
10760
42079
20603
28803
33786
12964
37893
11350
16497
6654
10214
26193
15455
29736
26684
39022
7404
48617
19247
2642
46070
37142
29690
48955
29414
13972
18088
45877
18619
28779
32503
40492
41205
13110
6572
20299
35392
47206
37203
8147
15386
14550
9856
46231
6179
43818
6535
10644
31680
13825
40004
39038
4492
18377
31576
30310
42892
4913
49889
17224
23917
13305
41509
16640
12077
49286
31707
25276
29858
21635
10086
27981
47482
14529
926
43399
41713
49710
40813
26184
30073
33588
37491
27941
45913
24776
694
1536
12196
33811
9049
33958
21188
42813
13624
23653
7763
6261
8989
20186
13654
9661
20146
26216
4743
33714
17604
37205
38701
27834
39249
8862
48314
19078
8350
46011
36880
15943
33879
6221
19473
861
25907
45668
19203
22938
22434
22941
3900
5076
45847
40601
25791
37754
40988
8201
13490
22014
29479
31988
43867
5600
28567
49387
36023
5068
33386
39236
12919
6282
8031
13634
46872
48131
26530
23446
7773
43395
42234
49551
18987
38378
23435
47036
7361
32204
14824
23186
7250
9864
36553
19066
608
48358
48116
35041
32406
45273
47083
47299
12690
8821
46082
18
14861
30458
25788
33584
14024
7294
20465
29052
45094
22104
974
26024
38544
12760
17545
36697
39593
9493
13759
25673
19390
8751
9115
42679
16409
21267
3093
32221
32547
44924
8453
46545
25811
19014
38947
20181
16088
42605
19293
29258
25566
48021
21556
14481
17873
36579
3843
3986
3979
7192
21644
29269
14859
4942
46769
17310
42101
25963
13052
36742
37663
9827
36412
41028
6559
47610
28476
122
14543
25046
5538
37628
10890
32674
25713
28507
18966
5392
27035
20048
41726
49110
31030
39716
35114
22665
22473
30956
38509
43383
15012
14274
43547
24190
40106
44398
6229
25322
40444
611
29523
412
24194
17830
12492
14358
18344
29946
4933
9474
5284
38023
8852
31570
48432
7496
5807
43299
16056
44387
14806
34747
29665
37652
39658
37697
37555
46483
12216
23611
5989
43668
1782
17378
37620
28477
18345
48387
42463
13729
39425
15647
9698
14155
46465
22337
4509
21831
16414
16847
20001
46298
25236
41914
13478
49585
13296
3264
3724
1959
34957
48001
16988
21297
23214
10702
1129
4659
37333
17677
38057
2165
2526
8425
2602
3840
46507
49927
9635
15651
36732
41763
39112
49138
9514
27033
33273
19886
36657
5183
6088
22895
44504
607
17733
36797
3086
28531
32247
32478
24595
22457
26953
7178
37888
9798
45791
36123
32660
8455
8964
8576
26491
6962
10402
10497
8381
45883
38652
13580
17681
5986
32043
36062
45068
8986
1619
269
12778
25525
3794
22850
35640
4459
14565
1380
21051
2153
8966
3743
5808
46885
32613
11476
28033
6096
25586
11146
20033
42021
37637
18642
46772
29950
2810
9416
48542
48661
8444
26741
35431
34680
29677
43714
43191
15654
35871
7095
10900
12534
32738
16225
24788
8406
59
32545
30081
32257
42989
42273
17241
25562
3798
13522
10143
17205
30120
30770
38818
30085
29539
36601
8551
35776
7228
49634
33749
5118
32748
25974
3117
48
22632
17571
11428
35966
34104
44028
1999
29529
2997
48443
39002
37231
21188
11602
30789
13548
42106
38334
48603
11981
8795
24060
37888
39952
35892
5334
16886
16792
9184
36566
16780
5549
16842
1595
45604
43344
11777
4233
30911
21196
11857
15275
6392
31639
8883
31923
26090
47208
1971
17922
27982
14658
19770
15348
7092
35374
42456
40274
46958
23608
20671
2603
34836
19872
33103
41852
33639
7105
11273
2764
28358
30334
16435
10965
48486
29479
34263
44956
9394
25899
29512
20258
44655
7816
41506
8451
22169
46189
49932
45275
42144
2385
38653
29112
44073
30701
42136
27
33074
3012
9350
46584
27238
10707
46383
39821
19785
4354
40500
41808
26465
2602
15420
44944
23089
31969
23016
2589
3603
25537
18389
18420
15904
15224
32798
29251
27087
40824
92
19051
35369
46973
7467
2947
25333
36399
12681
48696
25813
23117
43598
34130
16731
28922
4787
45490
49001
12612
32017
10184
12324
7134
30374
35714
1988
30720
11974
23550
21979
44885
24860
9136
17551
578
45804
32207
24774
19046
8166
13673
9405
19900
11881
6407
44933
43517
6098
31804
14634
22451
42319
25846
40657
24553
30996
3719
31166
33438
33993
33534
17695
13064
2446
2190
41113
11028
43196
43856
47965
47324
47146
29652
7750
8242
48680
819
23921
33657
37660
28336
26537
20978
38183
25981
4399
40020
47186
5193
30451
42389
6762
7751
48865
48661
29669
17386
15130
32970
24000
27036
398
25109
23352
11006
8483
25027
5585
19898
38677
11712
48581
30644
6970
8470
40972
9999
47040
10100
9733
43051
26870
32234
39967
22988
28164
19904
42582
24983
42168
35653
40061
3317
12749
29061
42516
15258
22761
14404
18070
13647
49844
33016
27186
299
22273
40019
2772
39440
47962
38877
22736
7202
37244
31728
40986
38034
42636
32957
14868
8729
44756
8348
27717
3968
23263
32176
20451
8652
41980
25273
36157
49863
43762
13251
34919
23625
5809
6828
38658
16822
10064
38147
18535
12673
30761
23004
10400
37086
40381
44560
19940
24628
40069
18385
10861
36785
46022
31354
5752
22040
28768
645
29336
34326
29315
1671
8502
44323
8815
22822
25929
30627
31239
9706
42767
39532
47680
3633
45253
9345
12011
33165
2329
22749
47997
48264
23625
10108
26680
21752
4487
33251
7032
45037
1932
34320
35052
38438
6774
24380
10286
14996
42943
5436
7169
12631
10427
9511
16934
49524
47566
20162
46123
25112
26295
20119
43649
21878
8045
13700
33128
43388
10325
20592
4521
1028
31789
49192
14751
17798
25768
48056
40307
3675
7606
20085
36211
26556
39231
36439
35519
20473
3181
14580
47776
33077
83
16534
13380
24254
36077
22223
20106
42779
36645
45667
8902
39391
23167
17892
39746
1722
6594
1323
43234
32734
20884
12722
36418
43342
21280
25950
45838
37619
32215
16202
13693
44840
11984
11455
37003
12309
39293
24751
41330
19402
21388
5441
45541
21905
11894
24486
16984
6677
46151
46266
24447
7970
29147
3894
32881
24866
42146
32659
5656
18022
13615
23881
19528
10806
42995
49349
6234
17231
8208
23113
38389
7307
33885
47261
551
13279
2966
23363
22773
5341
17932
20936
17773
38266
23296
23830
22628
23786
48951
33895
26129
30199
44843
34533
13845
13601
22095
15180
2965
5167
23196
10048
10805
24275
4428
20427
48259
46572
12290
46062
637
4261
27428
15929
18240
12891
22135
6806
43487
15723
20598
45504
33260
43258
9310
18497
8758
36430
9064
5512
49311
30490
49364
14298
43688
37879
39470
38831
25819
25149
5344
11437
40261
19169
43972
28306
41166
19016
12644
26186
39686
49130
3328
2321
47438
9570
28939
34546
27296
32690
38163
38126
14652
29123
14907
8217
2081
34617
7670
1214
12244
8005
23618
15554
34063
8005
37311
8582
8201
12662
38971
8182
43998
37385
44667
30702
21931
44819
42728
46493
30120
23263
20163
18065
11746
6334
38022
17858
49252
4079
14409
17771
1761
47977
7982
11410
34993
2533
20490
33177
26070
24200
31024
39117
24857
35886
30123
37628
48518
40643
35831
33219
29777
49802
39837
23013
34419
29057
35401
10040
13445
10763
46202
28026
759
17101
11718
32849
24654
32261
47463
21823
46984
23891
15430
3300
2861
11355
16370
6318
19252
20867
44653
13835
6335
35560
12740
33471
32452
30909
12937
31889
14104
29987
17102
29775
19066
31076
40351
7347
48058
11416
19853
31373
676
35499
1635
43327
27517
29798
34503
43960
26424
19658
12462
16248
7718
2203
36508
12130
13576
21753
38952
13839
35618
38745
7960
26335
17517
45474
33981
33131
26953
35524
11949
40790
43646
25347
48473
37474
26205
2082
6107
16766
49480
16777
21006
47341
48586
47961
33210
11698
31716
26294
49642
38631
42293
37955
35660
6877
32566
18348
42756
42334
37887
9276
40397
49966
28137
26879
38590
33168
29745
17346
13060
39029
30134
42871
7249
2799
33231
10676
22689
1107
460
25339
1509
6477
27335
10468
48863
8590
41766
10934
42968
28480
4385
32116
1185
16890
23866
3236
17924
43774
36526
48508
44614
32208
2678
30230
19627
13122
38650
27730
486
32746
11955
13513
9772
36341
17515
13295
8436
11924
5364
3811
14525
11893
35617
49713
17660
43229
25829
13574
8448
23472
20534
27347
2915
21667
9661
45210
29552
31177
7165
47221
16876
29962
31038
5863
46355
43266
11845
39258
38735
19557
48754
2103
9047
2144
11893
28549
39506
16507
45677
34696
22454
34378
9711
31002
32050
19795
26527
2616
32436
36762
33822
36019
24007
19367
26545
29159
26685
21945
11481
9064
16405
17492
39284
39784
46634
12886
36768
13701
20983
45976
9303
1839
29018
10000
42796
32391
38212
29475
2448
44435
32890
16343
8608
22719
25100
26806
11503
46669
6064
18910
28908
18349
47322
18934
17456
22071
425
42907
48550
44325
30945
43449
18807
6654
24848
29173
12849
12973
38127
35831
41875
15008
40520
28997
9111
19228
26335
37306
5101
13870
29310
31093
27664
17036
11872
41246
26232
17882
45370
9571
33963
16793
8465
28641
4320
45162
23660
33502
7506
8624
25639
32787
40653
5267
15296
27399
28824
45504
22562
22471
18943
22334
8220
24770
21227
25419
17566
33920
42864
22133
46671
13890
16612
22837
21325
12180
43047
8438
48994
7167
15779
15028
21263
22492
8129
21391
23528
49603
20341
17502
3003
9841
48728
20784
35950
29928
544
14317
34437
18560
23294
19979
24077
7979
15843
19934
48088
6903
14384
37735
46501
49292
33481
12653
6267
32261
45716
25368
26114
1403
11636
857
7118
5229
23869
26216
11912
26092
27331
6550
24267
947
20132
19969
10568
11443
14062
9398
49511
11148
38606
8816
31435
25976
3430
31118
3232
6274
12394
34563
44691
40308
18984
47911
18702
7966
45233
28539
19950
29666
14824
27082
32467
44171
27686
39131
17700
31086
7960
29426
46253
41417
40950
27894
9382
48537
36048
34093
9377
11960
11127
40356
27359
15506
14725
459
40975
43592
32714
17981
34324
29342
29012
23533
23778
11023
48682
24268
28053
26720
20085
22199
34974
18786
25355
40428
27484
14113
30138
45469
11906
4777
46814
20382
39466
13209
26271
5721
27190
24991
24442
24257
28974
36547
44617
34419
36299
3920
41794
23304
15407
16781
13513
16871
28975
21033
27379
19767
17135
37893
25000
12418
4232
11467
5155
2550
24104
23404
23594
20053
11414
13672
20421
26620
47296
310
1437
11408
38131
24100
38994
45668
36358
28152
45784
21223
2628
23124
43119
17707
20004
536
22862
23248
32326
33330
36700
40895
4013
26448
5258
21155
42003
7606
30640
42961
8845
39995
17315
41192
39773
9166
9119
20835
35198
19446
45127
26364
11295
36103
3670
44891
19055
1680
19681
31324
12081
4448
10859
43214
364
2953
21044
8967
47954
32046
46527
40741
10203
22326
1471
2191
27373
24482
26781
45914
39418
15787
43240
3736
13159
48804
41930
13131
19236
46879
10035
2024
41260
19003
9701
23110
44843
47163
26763
2485
12663
38658
2422
42379
46412
24523
9061
39113
14312
34821
20208
32333
14704
16106
26593
35313
36653
5409
21296
23920
35063
38746
18634
45641
17052
29879
38877
9484
42252
19034
26611
18657
24900
24936
11336
18824
41990
8077
9609
22346
17409
27018
22539
24271
45138
29241
16293
15961
46039
273
25900
35214
27868
19764
18489
41555
14564
33654
16696
27603
42773
18041
15952
35567
40032
43683
5194
14063
19803
46881
33152
39671
14989
30181
5827
48901
24790
48890
46344
5350
38120
24008
24353
44536
16294
18355
10292
31994
2680
26894
8314
36672
31096
27453
24214
19459
35740
18312
303
37685
14112
30459
11068
42930
14159
38794
48363
7554
38974
8322
20479
38506
20741
29675
34356
11043
17275
47561
41295
7074
22749
15170
8198
8166
25210
30330
10105
1457
26110
48218
18252
37437
17705
22495
29219
25136
2780
31486
35657
44922
5951
39349
35612
379
3249
31037
40680
48626
46733
6987
32558
8480
38278
42438
417
25130
25711
47875
26126
38253
22105
33485
13797
28204
28858
10816
11304
35237
38630
42692
46623
12019
12077
11046
32933
9052
22513
40114
45778
39737
770
18173
44758
42662
29223
25983
31663
40480
41115
13982
31623
475
31218
9797
41822
47206
44967
29971
8863
40614
9748
30928
36945
7166
4556
23691
48316
29312
9832
318
45782
2958
44684
16995
39786
43497
39989
7936
15875
5323
47346
7661
27034
17040
22700
34438
34122
15614
5060
41612
9868
45477
49255
49959
25892
25217
44000
32438
42263
46765
48122
28070
17111
16818
33424
10320
44429
30942
42148
16141
31474
38991
23224
2485
2074
27998
48316
33445
26894
28280
17348
3823
19364
20519
36773
31979
15836
3984
33773
41628
28217
4998
32572
32701
30363
9948
38930
24282
41605
33607
15335
21466
35728
38273
2833
24858
7947
26074
10437
15254
877
30697
14589
31904
7753
24945
3378
8290
44156
26063
39014
13424
44871
17759
6161
43895
43987
29486
45382
32211
19333
7337
7330
39996
4432
26469
4832
48479
24322
7640
19307
45499
6796
26901
28129
14450
31137
37861
25025
41984
3386
5296
19873
13432
31571
29724
36078
36601
4182
4748
30272
42431
8898
36889
16089
15318
21431
7054
45003
26570
33025
13325
15891
22906
34271
40015
25302
39130
37535
14761
3174
29880
45623
24858
16992
2406
10290
18624
22854
43350
43750
40107
48916
30180
48046
12537
33665
43804
43449
43649
41140
13117
38398
42523
33888
49974
17913
19148
48206
37276
10567
39839
47398
35661
18714
43615
20393
2367
4345
45969
25245
32290
4472
5950
40326
32212
19855
27215
25598
14579
33001
25409
20369
39181
11659
42135
7207
35571
1359
33519
13950
40060
48077
49629
32612
40374
3989
24243
24254
37735
155
15474
15000
7217
6559
5082
48154
33652
30151
30333
9618
8830
15676
10610
16916
24446
29102
37446
20379
44214
24021
13885
35466
21726
48341
21653
38164
24116
4013
42203
45908
35457
10220
45495
29130
5080
43504
5443
16771
16584
44252
1193
17940
46513
20902
20122
22306
15843
36186
17098
4432
44545
49422
12953
950
36165
42852
749
46139
33341
49189
19291
33568
18403
44544
2948
4904
49130
37535
32860
18775
21956
46849
48262
40613
11584
48970
10954
26959
40353
39108
28457
38283
18970
12479
13096
27654
37718
41404
4872
7052
10164
16002
35222
20020
6799
1515
30157
42213
16843
7887
44585
6680
16619
44859
25207
5307
5440
20605
48761
29615
19468
4030
28949
33952
24373
29436
3997
4174
33685
4579
38697
28284
26461
36136
32976
14116
45642
18178
18726
36085
12544
15093
30159
45099
29347
25180
6450
3562
10644
19138
11353
40998
32424
2029
28612
8113
13045
8504
40301
8034
19173
28524
1174
13550
46333
33578
3118
24710
6504
21719
10931
33741
21148
47957
11298
2644
6446
21770
15946
4405
38528
33470
22926
34232
6505
28054
5913
36532
21998
22216
20139
30950
8124
42667
34514
9703
7815
47885
7156
20493
844
40352
44360
45441
2147
41266
49925
7016
2704
23159
46306
44320
48713
25397
3901
43272
7058
31004
48423
30365
22484
30480
41772
24669
444
48660
33488
21866
1199
41093
949
4045
15835
33648
11497
30819
12825
17953
8061
25225
41935
21993
30208
9295
3442
15019
35113
22556
2696
2419
16772
44399
36011
18179
49347
25565
41546
26972
30758
363
17546
4309
29862
40025
11689
13083
27019
21721
5363
10102
29373
7947
30141
19475
36727
7687
12079
39571
2087
22903
32095
26287
738
7166
30696
13350
40421
14264
20826
16469
41559
47871
25562
47010
4778
33111
9738
32981
42736
3223
19524
23588
8122
26308
6527
41017
20907
16924
26772
14930
6491
27692
12331
3813
30391
48399
31278
20845
27062
3091
45247
9765
775
47417
2325
23440
1750
6297
40130
25443
39437
336
33824
47920
13415
5495
26057
5856
30960
41153
10038
20539
39432
37056
15167
22007
30310
18485
9474
21163
11545
28674
927
7087
10314
9662
8719
37938
27101
13540
30276
15415
13542
36424
27692
23229
31673
15272
16335
41514
16809
39898
4456
20659
5586
18008
17585
31835
27907
1492
8118
181
30098
3177
6172
1319
11572
27505
37898
39261
37924
37357
5749
1767
42544
15540
2106
7185
33587
45690
16981
2237
32748
2252
25230
22558
8222
11382
4851
2883
8609
37489
23632
12287
12183
18812
5355
6161
35496
13494
21052
25589
42494
18870
28153
32966
29853
43767
13120
13518
9290
2275
40494
30379
38604
24778
2973
41152
4240
43087
30537
2997
3126
24911
43347
37932
8761
49343
1407
15458
42204
45506
9016
23117
9856
42004
48276
15112
39122
38005
27378
32232
41537
3701
207
8250
30557
19544
1240
1532
17275
25815
45433
40916
39813
29395
6564
27425
15982
18390
11854
19164
41971
12520
11187
25338
9325
12698
27977
2001
15524
29427
43346
40612
877
16245
45260
18317
19523
40331
49699
9575
21764
29522
694
14693
49250
5360
18582
6433
22570
30133
18186
5205
36593
18669
8400
39552
39034
47934
27358
42694
42725
48709
49958
44966
44242
41671
24296
9273
20946
24502
34754
31508
36958
26019
2595
39466
30145
25947
7645
13954
32496
35999
32168
31488
24827
2788
41347
25826
3579
37763
28901
35961
35882
42413
33666
12226
17283
7295
27257
5056
12286
35758
42282
23320
5422
18688
8821
15609
18390
9351
17565
38470
29605
13754
44796
161
31027
17185
22960
27781
29763
35389
25011
4816
39512
20209
8440
34171
12964
24897
37649
19736
33676
21606
21342
36423
17015
32779
42703
27172
34741
34328
25963
20225
33868
47976
38409
39452
44094
39209
25387
45820
49686
24031
44411
11565
25841
49589
7710
30566
47418
21937
29269
15347
3438
39011
32706
22212
16414
37066
15351
27873
34706
37635
47242
15208
48650
5647
32405
15733
49744
23791
24585
33949
20986
38879
39107
27542
17227
32364
34775
33974
44889
38787
8937
30999
14201
28408
39434
30180
39766
10671
16671
9267
4353
635
47662
45375
17842
31361
26690
22353
22141
39736
21389
42810
12528
4191
29389
41471
22569
28666
43399
31729
38052
15563
32608
40471
10225
23193
27547
4923
34884
42192
13340
23759
9270
32308
43259
42346
23065
4947
9557
49634
39673
14279
16428
48887
29150
39012
9406
41690
622
44484
4867
38632
28367
28620
21279
29191
7898
37451
4280
25756
11515
5759
48370
21559
3909
11555
24326
43692
40739
49529
721
13406
47513
26800
30697
13577
36440
13570
42538
540
35424
17645
43582
10466
29104
33948
49323
17004
3113
11169
11029
30764
38672
20337
17749
8832
45970
5772
49218
32698
6515
36583
36764
15640
7839
10808
47272
15844
39969
39693
1924
2730
23201
2874
24540
38225
48264
25629
15317
34904
33440
47215
27399
47919
42167
19610
10312
38975
36578
16962
49315
31655
22285
8737
11864
12676
47792
23314
30445
43676
11742
45561
16210
39383
36807
16926
23809
33162
8909
18500
19908
11089
46372
36618
24529
27928
15555
4158
27521
39543
32791
22361
14942
38632
20550
49563
45530
32854
13328
36947
15996
10068
9458
18122
28678
31606
36229
4813
38306
25264
41139
12230
24266
13802
24250
32214
45063
1452
28456
5169
2002
22316
3206
22469
45270
49537
38658
2872
34550
1731
1620
34990
13482
14289
40162
45252
27957
2446
6623
45980
7506
38072
24990
46885
16525
3495
26884
22230
45918
4399
17467
46790
40335
13602
21299
36427
48367
42837
48516
23598
34767
16701
15710
28215
45066
39302
49409
27467
40226
43760
23240
15214
42693
23158
9712
22630
10703
6252
11943
34942
2280
10292
7152
1779
19326
381
35507
3855
509
45801
49952
11823
45323
12858
2436
39107
30961
30952
7652
4786
11235
17025
14950
36344
4624
23774
30192
44557
48884
15709
3848
47986
42651
14368
48218
32267
38273
46690
27048
49443
41173
17169
49419
43809
35292
43661
6936
12598
9521
46955
18366
20447
18058
47174
876
20541
34006
16403
19872
48942
41554
47055
42313
41319
7691
25687
48350
20993
7437
25843
29079
40494
11882
11345
19641
4406
25623
20138
29616
24066
23136
2114
9876
32468
17836
18593
42926
32001
32283
8521
34340
35452
7403
38708
12112
39425
28474
26380
41295
39546
10742
21958
32645
21665
45200
4300
45549
30931
13472
437
16990
30205
3233
3475
15274
45718
27197
45928
40624
21881
13475
4518
22369
34557
1300
37842
33295
30818
8430
6212
48610
22475
3728
32846
35716
23490
48524
23014
17516
27612
16298
16834
4040
19979
21081
43327
49555
24538
38656
48926
5350
23256
19843
41340
26794
44404
28209
32636
37356
26801
24682
31571
41290
45702
17502
23967
14570
37413
38017
34741
10873
24197
44842
23222
6800
21967
40539
3229
45923
11394
35003
49255
45124
13395
11438
25007
10836
4788
41494
5798
74
12911
35907
20588
49724
43520
774
109
21897
11757
18291
21563
29081
35954
26677
30051
16460
14637
33771
32223
20127
24211
7008
6904
46094
20701
18536
21445
19923
39650
29062
30100
44892
25170
6763
5524
21643
30829
34234
12717
38071
44094
43046
316
33183
37959
9580
6927
30175
40170
32557
31353
43019
24193
1828
30435
12680
49914
662
47232
48826
35715
17543
3419
20280
782
39784
17630
25564
31249
30190
34001
18326
49261
6991
10510
18560
5240
15494
41837
43132
40393
43510
18993
27626
35279
42970
37518
21718
32799
1195
33861
45246
27081
47947
27677
45729
19030
41134
40096
7890
6703
7384
17647
7564
40125
36017
13011
27967
1800
24293
737
18537
28974
47945
32329
5265
11139
28120
44971
3500
863
27755
4487
3298
43001
15591
25408
18218
21358
42879
36299
39842
14893
33754
40762
37547
31170
21232
9567
28225
35501
8143
11071
14121
16542
17546
25078
33459
40272
1360
40848
35870
30735
44522
27019
39674
33623
20814
15623
33545
49626
25489
28854
4527
30814
27098
35254
37945
23073
23265
2968
7786
8985
28374
10108
36576
43133
45501
20539
26548
32297
2311
496
13328
10626
35613
29700
31724
24327
30181
14726
4593
32735
48727
35715
8430
47109
40025
33159
15305
43741
295
13568
1469
24834
34830
19098
38049
10733
10727
10877
34458
39524
38721
20192
32023
525
20647
41144
33481
45197
30241
10257
9878
25073
48182
8967
43731
41304
21054
15857
45870
36699
23654
20107
39854
15690
8557
16847
5970
38565
10395
8912
44150
29827
21506
12050
15157
42402
36652
45689
39160
25564
47428
24140
37148
42387
21952
13381
16241
49849
25404
11833
19038
5934
34450
20415
40306
14150
7893
1678
28582
5878
20830
32615
30191
25627
36765
48268
20639
49688
23105
9435
26474
46394
22162
39964
11974
16777
20395
39411
35804
13773
2870
34801
29244
41738
37760
38413
39005
46682
26155
39291
36513
31014
46834
41175
42454
13361
16727
49344
23737
13104
42488
9028
8118
6794
17329
28563
330
48168
4955
26082
38665
30200
49873
31071
48364
2068
36899
29948
34738
34602
835
17258
4647
4328
31149
19172
28482
48919
28484
24468
12792
34833
31975
45573
19678
32959
30947
39527
47099
43139
11938
31849
26076
38990
25057
4694
17618
41248
38911
18558
17094
36378
17089
46096
27196
11153
20578
30561
9333
36418
13544
19403
12766
14572
46290
9429
29222
33006
10525
11131
24109
49294
38214
16282
14744
36323
10826
2794
18097
14320
18376
31960
30316
27806
32872
38991
41444
19316
7654
36179
4547
1046
11526
17481
38208
27447
13451
18486
16035
28828
21603
26067
11268
42398
25242
37962
5410
36923
2895
40319
26207
7674
547
18478
17784
26346
44589
4461
19971
29654
10731
237
30737
21718
16436
17283
37571
5701
45224
37197
22904
33835
48792
19251
6404
11879
37042
43084
11373
47818
1445
23338
33263
13554
19155
29587
272
2385
41684
14829
12493
20010
17047
39269
47394
36744
35316
10587
4361
30475
45981
862
42970
39488
22082
49664
32673
47211
3795
6741
24334
25332
24624
26221
48117
32731
11789
31468
40485
32777
5521
4931
25366
36820
27726
30188
24443
45775
28539
3367
10472
24540
29100
41724
13773
543
4563
24268
41024
5376
3712
14921
38296
6188
25540
1022
32181
34585
7235
19148
35726
11428
8840
49475
48818
32073
33042
11753
28080
33822
20716
5290
7282
21469
10715
33852
12212
42604
24608
48541
31299
32026
48909
29051
28080
10216
33492
40736
16531
30881
13915
23177
34252
280
44092
1441
3605
43133
22345
40414
24580
24267
25005
29560
15293
5889
11933
24417
41299
37578
4061
35686
30031
9948
43199
45984
3193
47034
29510
41111
17763
39654
35816
4420
43286
1799
22482
24545
5524
40898
10710
26992
20636
23112
21680
42085
47883
27340
7590
16464
49584
495
9805
5035
37816
47722
5512
36748
47128
28935
47068
33639
21465
46445
6815
7748
46254
27526
31758
25112
47457
16110
30126
10451
6251
3866
106
6517
24546
2515
13355
38077
26956
35982
37830
4544
36210
43785
36318
31682
19440
5043
24411
32501
27017
4697
34259
35595
11672
16121
47412
38697
14689
17637
36467
27898
45797
39333
5919
10380
34597
7449
39487
13980
14893
26234
21610
42601
45026
25276
16965
4471
23126
48835
47462
22819
31080
17150
27288
47710
24793
48404
5463
2600
20584
49033
36667
38986
12832
38493
49714
38959
22119
26338
46470
5296
27671
15817
37454
42987
22794
45000
30943
29599
35726
21657
11635
7207
3224
23697
20898
49024
49252
49323
27709
34073
7291
13313
43306
30182
109
11110
5544
12033
24222
5715
35540
20926
5309
21597
17813
40904
17631
19519
20914
26125
6667
2186
25172
48340
254
3877
30966
2758
7710
31250
40312
26176
16812
17870
49394
6147
23363
23908
6454
1078
12285
29712
25678
9657
9252
7755
11557
36758
29509
42664
36833
25830
34689
9177
29502
18878
40910
34895
39606
29764
43435
27036
14044
31089
9808
10326
34361
44629
23235
18123
24157
45794
34631
6348
11719
11318
17071
391
20448
24648
3745
39221
46881
23902
26917
25692
12069
28233
16428
46978
28793
19582
1822
49935
45983
13905
40300
40877
3746
5760
3428
15791
16836
30969
33266
20187
12707
37721
9907
20037
30699
9426
36837
12282
44213
24120
5307
15670
36172
26809
48909
2498
11600
26791
7324
21261
28259
11171
41618
41094
42801
37575
4424
6595
28366
47263
41905
13313
423
10757
25284
937
5322
3193
7
13483
17457
14697
12982
39146
15177
1554
49059
38788
43473
9891
13144
45052
46638
22491
4744
26405
24875
17695
13427
5213
18238
29625
9016
33619
16262
13935
20900
29175
4256
22927
18473
5005
11369
22261
49707
13598
49006
33577
21747
33771
47471
8312
45398
17758
45074
27005
16944
15023
11683
28651
40698
40159
13049
13274
35803
12357
20180
37547
1914
2163
30706
17562
24097
47300
23250
30143
22653
7572
42432
11537
5522
36236
21422
11944
17212
33992
20099
48333
23616
24327
11197
31952
19520
45839
38675
48133
4606
8058
45285
33501
25544
38736
25381
33612
29169
28579
22222
8460
46433
42081
35650
43582
9938
1626
24467
34216
41995
41774
16727
28047
20554
12625
28366
43090
17850
20687
3887
17312
41429
26886
31662
49320
4706
11556
16810
39179
38031
15310
16852
23904
21946
29001
12874
39524
4153
26121
13744
27691
47481
13956
3232
31256
1188
16610
36969
10004
26428
20276
1139
44847
34292
14078
1378
4512
38029
28225
37816
37450
32669
1081
16693
12270
16381
880
44282
8855
33193
3534
40348
3206
20698
34558
47459
43418
592
2430
47138
34939
9513
32866
43377
9380
16527
20869
13669
27867
20653
4845
15346
40462
44257
22697
42183
15291
21085
6682
20455
12651
39272
29548
30952
9773
7474
49392
37412
31979
45412
43271
26717
20827
29253
9101
30606
13460
10618
38735
23884
40891
597
2746
7275
15065
32318
8290
7389
10074
10591
2715
3813
13077
26184
10536
31546
33427
40051
1726
7143
1118
563
45155
16399
29303
34565
38617
4365
39588
49561
12897
10970
32052
30378
23069
49064
3617
34423
25367
5819
22977
14102
25847
38887
46904
12399
41733
31173
39549
19236
13051
1263
44023
19952
182
586
42180
39053
49033
32900
15655
44304
5838
5891
28108
15135
17354
45485
2408
38930
13708
17206
34194
35303
42722
45955
42855
8992
17031
1549
1423
43831
49837
49473
2746
45873
18803
6629
38326
31680
31731
34245
32545
46003
21851
37643
40821
24248
4085
5853
48468
27298
16309
16400
34081
38405
18687
26331
46617
38158
28259
33046
40508
8128
34438
46065
28412
30649
41438
39649
21169
9187
11082
44469
35590
16934
18075
15735
42531
30283
35842
40686
28568
43227
25992
5135
36547
13333
24356
13604
44383
42927
29724
17365
32825
32228
26588
1075
49007
1292
30060
31284
29848
6665
39521
25720
3722
35533
38194
13914
33468
27769
20517
19154
49432
10305
35718
11303
27820
40795
32947
4770
38414
35558
40359
30349
46234
26759
15393
20314
34697
19374
35344
40369
34639
18119
15949
19425
18833
22668
37349
21176
7090
15800
28674
22558
43673
27415
16213
44747
22288
19194
4322
22840
5722
23622
12071
25011
45714
21244
14618
35980
7197
47427
14863
236
32380
32480
34691
4710
23776
2040
28760
44966
5289
8572
20380
21173
6109
83
33768
21519
37362
44262
6019
40171
45240
6533
2049
27529
23878
48887
19419
15195
11135
9614
24012
3498
7920
23129
4005
20201
18682
33699
35085
18134
20678
7849
24537
18189
48522
27560
43460
25463
39878
14052
10299
49615
4347
31510
29512
6981
3257
22045
30824
40204
46771
46357
25275
30606
30178
22053
47992
40111
11330
30754
31626
35134
40621
8097
39563
31480
17490
44090
6204
24743
31650
38536
40766
13688
46711
4589
17232
15338
48417
1538
29093
12722
16590
41211
38465
32252
33396
15753
26160
30060
27854
32842
27907
47634
4706
25179
104
42475
14315
36045
32164
6516
38312
22677
44992
30746
13952
47550
19390
22269
14304
40297
28342
29939
45826
45476
21873
42968
27339
21065
36385
8115
39122
29133
38267
21124
36664
26889
17922
1098
44376
40277
30705
34785
19085
23296
36853
26344
44970
4220
15957
47249
36186
727
28159
38449
21589
24116
64
28439
47419
35560
4719
35578
15696
20816
23542
32714
23380
21647
5166
44969
4110
24006
20343
9107
32660
44812
27441
43367
10170
45533
45305
5658
9604
15583
3091
22417
35786
49407
35153
46716
15511
36106
4813
27443
33069
34056
27417
14504
1050
46210
36288
43867
26351
44036
44296
45532
21170
6894
27575
44763
14978
9492
18751
21372
43666
7158
49816
36967
47589
48602
27432
30571
8004
16468
17025
30034
2638
40663
12791
37200
6669
46118
11516
42101
721
1971
46986
44882
36763
38409
22541
47752
2856
1525
6971
49564
19768
46207
23120
28630
17002
49319
31498
29033
48998
38474
32541
14541
23078
40883
24580
42152
34786
21518
8038
22363
1430
48888
6129
45832
49778
23154
34773
49570
29487
820
24703
34237
25545
22015
16048
31844
7965
13547
28762
21945
28976
25055
47191
5959
20985
25902
6309
43491
27820
1262
14498
22209
3652
16821
8480
18163
2364
7420
7829
6700
923
25157
4625
43267
8714
18553
8733
1555
27970
3018
35597
46543
18759
33207
35809
44291
14747
34238
43134
45989
20704
45899
23332
36490
30270
34303
14827
22582
24509
6508
30191
20107
34800
34429
2213
37234
42622
33538
29625
42008
5454
29416
566
25039
17726
33287
11568
48454
48496
35014
4882
35859
35442
12585
20879
4172
47880
36010
19575
45301
29161
9558
44824
23011
914
45486
23422
15759
42506
23709
35417
2455
19108
39737
37289
24350
36634
20115
36937
46083
32941
42537
18357
784
15526
1723
17097
1225
44119
20922
30391
49188
39891
49676
49508
42904
33926
30957
17008
31277
43458
38287
37009
1747
15912
3778
29099
479
14703
30414
2302
3216
26404
5885
6955
39248
22847
46342
10468
48726
25309
5540
46224
14136
10223
35909
35751
31517
11903
462
38720
31264
48282
14188
8629
6337
47438
49349
3919
5862
18465
40173
19748
23647
1675
28837
7657
2871
29186
493
5093
44326
24368
27498
661
30484
9155
20627
45525
4567
4160
32149
48369
16013
33285
44951
29480
34325
26634
36103
29994
34200
25827
21171
20974
45333
36709
33060
6275
41562
17362
35797
15809
42575
29971
41409
24730
29772
17521
10522
22242
29322
2239
31910
43240
8503
9496
9540
6656
29267
23952
9789
30895
42712
41898
25541
20370
9302
28566
35296
49131
31676
26020
40785
24538
8611
43274
16990
6804
1252
5965
13023
26722
24778
37471
48582
26264
41714
27350
38376
14224
12863
45589
28761
41506
11882
19209
29494
30339
21830
27426
31308
8536
41585
41500
8262
41029
36119
38601
44819
19110
14913
22813
27254
49288
8715
15333
14935
26885
39794
48436
44903
29931
6460
35660
2689
28568
2754
22277
39675
42724
25608
11134
14908
38203
12958
12269
24519
31174
41487
2628
28982
47956
27430
48130
19474
1322
7360
34499
9118
38452
316
13542
25204
22679
11311
30617
39047
5973
30645
48450
5848
13435
45938
47116
35507
35306
46742
28684
1289
656
18446
43888
36393
49363
47463
7699
25768
21178
29230
40927
28368
11128
19443
45999
21268
20310
45068
176
49921
46379
36406
27684
34575
43034
30502
28482
36967
25177
37565
10845
5776
13481
21754
47119
33954
30423
31049
1282
8395
25918
32393
34876
48575
42150
20075
31204
21482
25341
37975
7781
17537
21232
13417
9422
20871
49847
46872
47491
24283
33450
45543
41651
17071
46644
28645
29703
30499
22419
3631
43636
36560
26456
9685
41885
27889
6193
21961
16969
24779
320
45987
44060
36461
3448
9170
13940
49074
660
38062
6723
8739
1940
34745
42547
48890
31572
8260
30363
41170
25899
15021
17933
5434
40413
15461
22233
49000
31197
47488
6401
41066
30051
45606
42394
15463
47558
48934
19852
48180
294
6874
6934
29011
20872
14470
29057
13158
15359
40858
29823
9409
19523
1815
9216
30542
32849
8414
30817
21817
1727
36740
37969
21660
19802
11986
19361
5109
19950
40616
31480
9794
10785
21826
17888
38159
24988
14482
41713
36391
24167
24877
2791
11126
18848
14498
16626
28511
7528
23348
10810
37401
21306
32825
8093
8708
22265
24988
14599
16778
17253
12397
2525
784
41065
2807
26822
13739
36820
46706
21238
14096
46434
1071
24855
39444
2662
38481
45655
24130
38646
22539
5977
4299
403
39988
30920
18391
35092
12279
38239
4825
22238
32503
2174
18433
49906
43728
4474
33803
9363
32633
11956
17973
3778
32741
2212
3374
39256
46184
30114
43770
40511
26999
24992
16962
41757
4824
40631
5688
6110
3081
16813
20056
15165
46348
23040
22058
5840
34080
46866
26963
30397
2731
43105
10315
37932
34803
45617
5194
10122
41164
15896
36060
25798
27323
21605
22916
32173
36633
15518
47516
46541
33428
47685
10922
17927
46751
49783
28190
24806
49242
3825
39288
43495
9676
34591
42966
6452
25292
32578
49979
20065
576
42684
9739
34465
24444
29627
22947
30709
31692
25408
41078
947
47613
2892
45090
32000
42341
31190
12098
47482
6067
31371
39724
34452
30881
34434
46185
40670
27606
28235
49253
37440
44280
1923
34300
35827
910
45526
35461
46988
40436
1810
4235
38710
1144
23268
14278
23659
9041
35906
41113
12574
20847
13556
9652
25912
35789
30655
2073
29726
25987
30960
10572
37163
1336
12865
41459
17647
35589
49499
46685
34131
19381
584
41087
25192
24344
44691
40265
35708
27159
23247
12407
2504
49857
10049
39204
13208
7876
7418
9785
20615
23640
41109
31907
41143
2197
22042
2931
48394
37268
6844
37615
38177
42307
17205
23093
7822
23010
34732
16063
15655
29547
33200
41762
2346
32287
40468
38528
20023
15067
13047
34366
39599
22329
38142
3040
8647
3826
19873
29168
9209
609
42415
49646
26583
31715
45502
42017
18348
7003
40355
47324
32977
38194
42458
39484
29273
47499
40691
41357
28922
2148
5945
12779
13272
31641
31840
11750
45168
38627
35419
27104
49038
48286
28071
26944
41451
14008
7223
39097
9190
2116
48860
44308
33902
29183
2209
19081
43497
26570
8737
39869
49940
47013
40373
27205
48424
7293
21886
19593
42981
47245
27195
10612
27726
48320
9560
29256
17376
29542
23187
40622
16656
10964
27164
571
32448
34198
48568
27678
47006
43568
23570
43621
45802
6194
37679
38368
26017
48025
46956
30845
3722
1522
19430
4578
48621
32058
30054
22410
19291
17345
5271
6230
45678
37950
36901
3973
6286
21339
5460
25534
29212
12048
650
3418
30735
9757
25370
32351
184
38833
8526
29142
46436
44984
3568
49790
25359
20994
10405
22906
47775
926
42806
28885
31412
13253
16237
16166
47081
28835
44729
21902
15799
27647
5933
28430
39431
40780
11643
29334
34306
37385
19720
38104
13991
22531
32380
5211
26535
2346
24169
36540
48945
18880
23334
34990
5061
31854
1015
36290
11895
45361
26122
24450
34610
14945
4736
32727
22439
1603
15173
5818
5617
21236
12527
37079
30373
28597
13919
31902
19963
903
48535
17476
21683
23884
14121
662
18327
25213
47207
445
33788
9609
5196
28669
147
5018
5525
7751
42514
46420
9294
27823
45018
48359
15333
31687
21764
11828
14429
39722
9277
47741
8130
37702
49580
22708
14515
34480
23964
29749
8113
12539
46986
5520
24866
6387
44973
910
17506
42452
1180
33365
7911
408
128
7398
43552
29485
25912
45380
45690
34868
21075
9663
11086
27878
27374
21102
17177
45585
47673
21627
47449
13744
3976
45945
8529
33321
24451
38256
5962
2064
45178
28457
46631
22505
13417
35013
43267
23259
44212
8455
9433
45599
19935
18354
31759
45864
46701
26045
5551
41772
33395
34820
24483
15088
44567
48200
16701
12899
16506
19366
13281
39137
38656
26212
7504
47383
7224
4712
12434
23782
17628
11459
9838
49744
38439
26602
13689
31104
27293
38
13049
14822
12636
39809
12228
19600
36765
18177
42650
42900
28359
25154
39372
26729
16192
7659
38983
45590
1153
31826
26993
6802
29909
18859
7695
29451
17773
29643
37456
3986
5587
27484
234
5827
13561
26649
6863
7586
35022
8105
18715
43777
30044
16888
6941
9390
32385
30417
319
23529
3655
19160
10884
4771
31810
17555
8990
43123
47926
29929
29849
2946
3379
29331
9127
23158
11406
15007
3864
42283
48653
49219
12565
28845
46798
32142
21706
44547
45092
7130
3998
28165
1391
49598
26384
31054
27208
42704
43279
12028
20358
3495
32262
31956
3887
8047
37395
25027
415
49382
29827
8767
39278
26323
1435
4397
44577
5142
48277
25195
42415
47722
48965
7357
40078
20327
27527
49813
12922
40245
45672
36667
42833
23275
12301
27516
40574
23557
7907
38335
28175
5907
25588
22291
32197
8078
19011
43444
7145
30389
46388
11244
38869
42838
17307
23622
3110
24969
47375
42845
16908
16758
27643
12403
18619
359
19201
38863
42417
32215
3451
6574
45812
19850
18687
2585
20311
39302
46638
23975
40889
671
41978
24857
30699
41921
45362
5283
31676
25430
34843
41275
2739
40487
33228
43098
7031
1391
47862
9439
45726
43228
32350
43203
7057
38222
12537
32999
216
35234
9891
23545
34727
38344
42267
38102
37684
37887
8287
36585
9940
24499
23487
35009
6098
765
37825
1169
26331
16617
14000
4289
41337
34325
13025
45842
33177
26741
469
21135
19083
6035
5940
27439
1510
34659
1100
9190
37733
2101
30005
32363
5234
24388
48912
15301
41341
48475
44940
38494
42682
19463
2372
6954
22932
36776
33784
33232
9489
37425
44599
45271
49940
2447
16150
12348
7225
32358
26383
9135
37025
20278
6601
21806
45338
37900
17312
29657
3593
30453
27441
9141
33223
25838
14485
12284
40886
13304
32503
43009
14078
45959
29571
13905
47864
36969
16780
42677
28870
16307
41578
30644
32940
13286
35919
30293
46992
21089
21701
33379
39962
20336
16757
7401
34263
16034
34662
20524
17904
2505
22609
2248
44450
48747
15709
403
31738
29957
44091
23181
19295
47406
4688
4729
29835
44409
29786
38565
30551
38405
9265
37093
36419
26991
21164
22383
48175
2567
11949
43663
8568
10896
17882
41530
30178
30672
31513
20639
17054
46663
3783
17065
17081
2653
45765
49554
14898
43268
49743
39970
6949
285
10874
5637
5560
33046
21898
38714
18113
42385
32381
16823
1490
18623
20856
32714
19570
27147
2988
2091
37801
23652
4019
36765
46088
45890
31101
9699
34963
32554
6210
24095
13372
34172
25491
29973
3549
26410
17538
17327
27794
17971
1434
858
48064
47277
45565
2941
26230
4032
1240
16057
36687
24527
17381
15596
10976
1890
45932
28608
18948
21423
47510
10368
23138
27976
31201
20587
20903
31069
48105
11665
37334
24450
2377
25514
4921
47019
17421
39638
28578
16435
27859
46607
46338
47612
45326
3979
14165
43825
18295
44157
15705
19944
34352
6155
37929
22371
1142
24858
31386
45349
10819
44789
9553
25586
33036
7453
46350
41103
43918
20810
13850
4568
22336
9136
3304
46592
13477
10989
37003
35955
30576
110
28436
18312
47556
47521
18694
9186
30647
28485
30153
46742
46771
36366
21398
18614
31049
39653
12453
24300
44210
36332
26945
47410
1603
39295
3029
37694
40476
21430
25078
38764
3981
15287
16428
21715
421
18280
17149
13225
16457
34674
35672
4194
31838
8801
427
15140
32243
9448
41730
3302
31293
36417
41741
22614
41744
28706
40460
3482
48359
9179
20441
19311
20689
17676
22258
15373
3528
47924
31474
46524
18207
43716
8876
23327
20263
28786
14643
46
31966
18761
39384
5505
6837
35549
44800
41512
9116
16572
38801
32249
13804
7808
33514
24977
37168
4497
21052
3467
29457
21480
25193
10510
18221
7503
20680
33696
29907
42451
17265
20937
26718
15675
30075
16242
39420
10883
18592
4828
47161
12673
46601
4013
15597
45720
25419
27830
33294
48027
43326
10000
17363
37449
4838
23428
14519
3622
6864
24393
10982
44059
30395
7480
31687
48340
13680
46972
37190
7063
38991
18086
48173
22485
9463
11180
18270
36680
47298
32385
3568
11964
683
5440
41939
43066
12685
27426
30369
18975
15657
5343
6452
9356
17251
19393
40222
25479
22794
18404
8649
910
24178
28665
31691
38267
41856
28634
19253
20387
44769
38584
49544
15449
23479
9760
39525
32112
42737
38204
5168
30957
12806
581
30512
9643
40478
25270
10150
35719
14061
24572
14071
38876
12285
5258
21367
19705
22599
17545
18660
22910
12765
49917
18140
20198
12967
5842
48604
40174
23672
24325
35511
21124
13948
32639
4143
24155
30096
44652
27570
8122
13134
9018
5060
37204
41380
18845
14005
34850
41392
41199
16127
19052
1050
5013
36431
18120
42830
12940
23805
17865
23140
44498
32185
16296
20686
7154
8740
16800
17389
35399
11016
43155
27105
8401
7573
1082
40907
6326
31658
42506
2672
21135
13932
46338
5644
3427
10565
42993
39664
35906
31580
15956
36331
33703
9116
27549
19504
39521
15060
27567
46681
11595
28619
40534
25976
23622
40238
25684
9110
12712
12120
4101
45914
34238
15389
39172
9991
38541
23058
13446
45554
10006
35740
35892
46831
44456
22819
21367
34391
28000
45651
29228
18456
41355
39296
26439
8905
7436
9795
32547
2856
2456
1669
33223
41507
17439
27654
30021
10143
7365
25962
17292
12424
1390
47378
4797
38101
22457
42867
17610
43239
21699
11652
47770
27662
6924
10457
13130
6776
31463
28311
2318
45207
32986
37140
27476
3070
31606
28988
37129
23336
27456
48770
10805
42004
40558
32881
36930
9009
36429
22862
21530
45122
2303
19565
15422
1599
45618
47164
41587
17656
17803
2799
46598
12678
27250
43769
2464
22511
13863
3939
38437
33413
32626
1245
10311
25821
7704
17150
48567
24567
42345
20666
15307
42302
41495
31311
35515
31102
19409
29563
39254
15069
1933
32142
40626
41192
46836
42504
43632
25307
9222
12175
45549
17756
7519
45710
31412
48084
2962
31389
10273
5323
1841
49945
17281
9583
40367
31697
16422
17665
48060
41644
26215
18076
9264
46554
10467
9842
10323
20245
8342
46629
20520
24291
14852
26463
16394
24955
34994
20367
20399
20562
23668
16417
17721
161
1649
24616
28171
47269
49090
31146
40089
48530
21066
21592
11096
13140
32928
27929
30452
26852
46759
10402
39552
23972
44222
11284
39960
29719
24643
13777
35843
28128
45331
12588
42837
2341
317
2861
42112
21631
19060
35310
16202
9425
14403
37574
31657
40611
24571
33455
28283
21562
6615
47445
46515
11717
37697
24093
22765
4503
48957
38319
17651
26924
40867
16498
19576
47881
762
28083
49185
28645
47616
37473
692
24638
35398
9961
31704
49145
39672
10313
35356
24154
39482
48306
5108
23980
38430
13231
9453
42013
21619
37052
2242
24489
567
20293
10967
36786
7804
21149
19187
21001
16473
24216
6250
34603
42599
28853
10504
20219
26476
35163
38250
35656
7285
41662
30663
38459
48811
23982
43468
35119
12712
46621
24340
49132
33348
35899
12390
11634
2328
2480
2344
20463
37011
21205
15666
18398
38634
14671
16141
12540
43322
42057
11147
31096
40314
1740
15568
9270
18860
29614
6509
30015
42402
565
12925
8553
9709
18550
21257
36399
46624
10095
41766
42541
22227
22732
43422
48026
40900
36138
44332
25233
13895
48518
38897
1662
14670
36977
13251
6514
2596
1155
16661
7971
29492
36424
40002
15684
29191
7291
3651
13820
3977
12254
44288
28229
1341
10771
11475
38419
45335
48250
10968
45374
25991
19496
48224
6334
43782
38512
30405
35715
32696
39489
19160
48158
24113
11035
36966
2496
6981
21422
19881
45741
22168
25698
16955
10187
21716
44685
2101
3213
11592
47716
43045
5351
38589
40882
44846
2797
42180
41678
25881
28956
17835
46187
19482
38245
45295
3265
48381
49138
31244
22020
30639
15654
11087
43886
42713
5173
8844
41406
27751
9068
8587
48380
14391
27407
30558
13607
24125
23358
36061
2045
2420
13059
36306
24903
8126
14186
37249
25887
32284
20221
25135
13998
9241
14203
21700
20838
42816
22661
13642
23433
42447
1173
14149
4933
32483
12603
5773
24604
38595
29205
12454
28804
20456
2281
36913
4199
45961
31427
14187
21112
35318
14550
15075
49731
20955
3249
35465
16863
44788
30543
2402
10132
38415
41754
24104
28627
33580
13182
10942
39286
5361
26966
31521
36468
23947
18069
5323
39057
38431
834
4673
36336
13455
7537
14395
33894
23816
23834
1332
47997
48727
8089
34055
42257
16972
23553
34649
29258
23
33949
24310
18999
4974
12661
12068
3923
18144
14137
2164
20295
6804
35917
38279
48956
9307
37873
17964
939
2885
25420
36967
49219
38495
4084
11854
33429
27353
9821
16861
18336
15718
4476
21529
11892
1933
27958
45586
32613
12220
47786
31985
44430
30044
33959
27057
19503
9615
38779
45834
9205
10582
5370
10264
37605
4751
14007
23306
21188
48028
17522
45302
22166
11087
24654
48890
34161
6657
30302
798
46653
29250
5611
5029
23210
16426
1140
10387
12094
25678
29859
27736
23066
5871
4296
15897
10327
30172
31556
38176
27698
17719
28004
21610
21538
48085
48376
7374
42002
43695
2383
6750
10335
31046
41793
25158
6415
14019
10633
26401
10492
22204
17996
23082
15484
49523
43418
19584
8942
20168
18272
10147
21923
9855
19800
283
35911
26444
13518
23929
10299
27739
14799
41796
35664
11292
38080
39765
9745
33611
5624
11247
34189
32622
13579
29925
2944
49175
34132
27264
29214
12137
46575
23032
40507
23080
35504
28639
48666
13641
17907
19101
1071
27641
9809
20326
23635
17993
26347
32200
22324
9558
36263
46001
48214
8343
100
13069
5515
25871
49723
22924
39370
30211
45476
18626
9182
31542
48770
18841
29694
11487
30908
13793
41492
40124
34505
791
13789
13408
14615
26179
36588
7671
5992
26699
9435
20843
22858
5733
21039
48639
14562
15946
37286
33944
19716
41126
7472
34892
34561
36924
15399
32930
16397
44935
22477
17849
18043
39579
17504
13301
11176
15401
24141
21028
2753
3089
38350
14046
48338
12130
24465
23259
25580
22493
35287
17230
3330
44008
49332
35359
21281
22958
33210
12647
22169
23123
40493
6228
26268
2677
40387
9900
19473
38815
49402
10927
24165
4023
27381
10469
5264
1831
14005
47174
7583
22777
34816
44536
38532
28875
25328
14531
31702
43601
1738
11489
18165
49178
27241
1889
46878
4939
7576
12538
10023
32024
32057
38605
34745
47921
40996
48483
32807
36809
15134
22373
13407
36961
8597
23851
5371
34195
10742
732
3876
45931
44636
39316
48293
37120
5254
3539
1047
39840
12739
2818
33214
5161
46348
24801
37231
10004
19630
9820
44124
23915
2498
14284
47230
26939
43739
3433
42126
34933
16044
7181
17200
5295
9027
38980
48364
31608
49606
49888
17338
5080
30680
39225
11033
34325
49048
46305
24061
39058
42743
26309
28803
33682
23988
3231
47201
14858
5845
49608
33759
43013
38820
9804
2236
45505
34116
18566
26687
48150
23662
1850
35851
1383
27532
46385
31309
8417
16289
32367
41061
30032
10132
10496
37935
11857
45559
16497
4733
28466
15016
252
9347
6102
41715
25691
32734
18468
40721
30317
13601
39535
37282
27222
20894
26193
30787
1888
40062
42368
6235
46208
35069
46162
17912
15507
23509
24557
14577
33768
30533
48743
26503
19447
21101
17916
30893
18638
39769
36974
19105
49709
5432
20567
15542
29639
38472
41514
12319
25049
4607
12119
46026
13559
46472
17053
35463
3378
46904
42377
27540
42358
22717
15165
39606
6767
35186
46972
10502
37099
40785
21634
22310
48378
24550
18081
36142
47299
43243
3942
1383
27697
5589
36809
14690
23722
31898
16163
9750
7087
22526
10954
49989
31231
13417
15016
27578
8663
3190
27802
36722
29204
21578
13556
8740
17193
45871
11026
46509
27724
13005
16953
8700
37034
18004
3787
31143
26715
35608
15194
21544
17424
46889
46020
37016
16569
3949
2348
30359
20019
44445
15897
645
40207
1417
19416
38367
2365
35688
32301
15001
41479
41697
30919
30532
44986
36559
20705
38157
32815
7380
580
17138
35561
14733
43834
46209
26246
9294
46269
16431
35928
43594
10782
8850
18750
19344
39554
2764
22523
23285
41479
28148
20984
31819
29844
30195
46917
23675
11374
42359
12906
868
35126
28439
42908
18703
34352
11892
47628
40190
9823
42104
9033
41713
6332
24575
10277
34437
9286
26062
32469
23258
9283
41188
36386
10783
34068
17787
23181
20059
22358
17499
272
35739
31749
33020
41407
5235
18011
47333
32381
31971
27382
47206
44522
43624
9224
43054
3610
29947
44312
29610
19793
33066
8486
39099
49371
29377
39691
5491
43704
9685
22382
28203
38484
40285
2227
35252
27445
26589
43359
25544
33789
40880
42503
29020
46912
513
19221
42869
33839
18822
29212
5923
46274
3306
49267
49038
1189
18757
6669
12012
31737
30043
48954
2541
37339
9710
22790
22931
674
20160
19247
37105
1090
4425
46180
21822
21773
43344
26648
21462
41225
282
41798
36206
39437
49565
863
18002
15109
46848
16335
42604
1589
5041
8493
39539
4761
7458
5521
10398
25643
48401
16928
10227
20766
36514
25570
21009
15735
23339
4405
38422
47100
15884
43514
17166
12549
520
45101
22697
13902
14085
44883
18231
20942
23180
46636
1986
19458
2349
20247
23496
43731
32371
8597
39604
33110
2975
45813
28232
23058
6068
36351
12121
5900
10414
32732
33287
33822
7743
32578
26408
2694
34104
41822
30304
47146
3776
19210
24062
48730
14164
22254
21030
20606
29547
10306
31270
46686
16453
43266
24776
33312
37088
38346
5875
9740
24982
49633
21102
7708
39862
35186
38194
34143
36477
20612
10923
39981
9409
14204
6139
21492
45034
29529
9947
28576
23501
28621
37071
26170
8854
33595
16884
13879
43890
14715
2056
30753
8455
13163
11622
24580
21136
2224
48957
3454
20744
22506
28685
45561
29122
47365
9005
30101
3875
8667
11483
30814
5949
47175
20545
28093
7768
15877
8384
47066
44927
42902
14780
19743
48517
4863
47476
16840
40866
30160
39964
12199
49789
9874
17289
25908
24200
19482
46888
22929
47443
24778
4683
33179
36078
29559
47953
10908
9614
8853
12561
2990
44011
41662
5955
8010
948
4897
12795
22735
37087
35031
15410
26430
42625
32737
45123
7761
47526
126
3807
22908
49022
49097
38174
6155
30612
32222
9779
43899
20284
47645
8618
35318
48137
20279
43680
13606
7704
7654
21455
21050
35692
40377
41093
3606
26647
23836
3184
28948
21745
22134
43064
19529
34680
32492
36617
37907
42789
32771
35611
22174
42519
30883
912
10886
36094
23894
9289
22774
45925
22256
18069
3391
47485
32281
8999
31108
20115
34197
32083
35762
25597
4437
8293
8829
47158
21271
23519
27574
23955
17336
36669
13209
33601
28281
26549
29474
37917
46335
16864
36511
47504
34404
34496
23953
20661
29004
23422
1804
6809
46306
33745
11534
39997
32800
35900
1164
41786
1453
6964
8744
7731
16977
43596
45007
39664
21333
14816
10159
10412
5413
31403
28789
18764
7847
12885
48500
34873
39733
46636
13778
43741
29653
6781
22572
2295
19851
39871
12506
43690
20884
14413
44925
8552
37763
5550
23925
19494
38105
42131
37007
9997
32893
12972
36252
11517
27051
48695
31789
48829
14969
30566
44537
24563
5652
32907
30833
35676
25849
10803
6235
25385
8991
24061
6138
46551
5282
15366
27759
10361
22091
27202
18521
43380
47994
13288
24983
13415
43974
17546
29726
8660
5211
12736
31143
45216
5874
21632
21120
20403
20382
828
20338
4459
36018
45273
34802
15748
20129
17095
47681
34284
42333
16993
6414
31910
42737
45459
41580
4142
5338
39347
37150
24291
47760
43486
6574
40678
37762
2208
12317
24782
41279
40991
25924
33669
7329
10980
25449
29522
43236
34903
34366
45380
41381
48422
47332
23879
17173
39793
3869
32790
12941
8005
28574
25758
22507
30308
45795
6667
12858
43981
2332
8785
12688
12765
22085
11113
45296
21986
44676
29526
27712
20808
13099
34003
5334
35458
9310
14843
11995
26550
29710
25540
14465
26661
24564
35640
5969
29797
29689
11618
16141
6718
9650
41186
5652
32845
13961
28109
38963
49464
46678
804
28633
39199
34828
24798
20771
44539
21984
36965
21846
32742
20853
32763
31100
7558
42835
19558
45253
37543
24358
39839
15870
34724
34130
19203
45279
25714
39731
10100
34127
25833
29027
19535
42994
20192
12549
43178
24850
49156
28975
5434
7899
41412
32036
41022
27296
10140
45103
42092
28380
13053
23564
29670
22099
16485
16304
36265
42167
27728
1881
41490
5654
10186
2271
6044
45856
17999
13770
30426
3910
22754
19421
49309
23838
33206
816
4371
3811
46620
47596
45101
40889
16138
24784
38092
30959
35268
29440
35927
35821
11690
9965
49867
19277
22910
33423
43135
4758
720
32638
8994
38083
41624
2513
34036
23810
37583
41565
41486
16536
22938
13791
32414
20689
12931
3941
18579
18566
37126
20103
30258
16119
24694
32371
43331
27512
40394
33142
2523
6681
807
4630
45478
11708
10698
47644
33792
35675
19154
191
6817
16722
30840
10811
30691
13656
43357
19969
29185
20699
6222
34312
20734
35689
31990
4865
38030
22347
26224
4232
1061
48812
42231
19142
47434
15975
49341
49332
14696
13390
21780
43162
20977
647
43596
11573
35583
29361
23642
37238
14553
28452
41201
39367
34542
4102
5887
16361
40689
36522
19639
15594
29521
24564
47510
21810
8819
22087
980
8700
14062
40223
30490
20769
10675
15258
43642
13423
18663
47552
12175
9577
37343
37892
20642
457
46103
1923
5269
5265
3103
2522
29648
18302
49538
36916
21431
15677
21972
10176
852
38776
647
27457
43046
14697
44362
39615
41285
37119
4239
39226
44048
17694
35479
47455
22389
33745
13053
31284
32845
42779
49867
26509
20066
25514
10285
12673
28157
19389
4576
2390
35824
2716
46358
12984
10285
29014
22714
37721
20625
22168
23290
6691
41521
889
26917
10297
29135
48835
32979
34428
49369
15147
43483
21864
46430
47074
15061
5678
34349
22340
12349
37261
28685
27725
10704
22682
31379
47227
34951
5390
45715
19807
19053
39166
31542
22045
39294
49782
21523
1363
12734
47839
49245
8279
6339
5776
38554
23480
28688
2832
5404
16983
27390
29065
12621
33662
39545
15320
21643
14526
1749
20257
11230
1527
13372
19136
20946
14336
5333
13578
27638
1318
25793
24338
43103
41297
31013
3543
33081
46322
30095
3658
39724
24313
21576
35758
1239
36404
8341
22968
37163
5265
345
37718
34198
29700
27530
27884
9531
11204
16782
26425
37995
46895
15842
25352
1746
36126
11926
21603
49776
28068
42201
17137
4226
48400
28317
46496
43100
36017
12407
25870
48998
31993
10821
21777
27664
28346
44668
1783
13635
5229
9516
45031
14342
33266
4754
49398
40730
466
1787
22598
37010
28448
23328
49385
39634
25038
35587
25843
9235
26859
3555
37277
46223
5130
27295
21814
9744
30462
8437
5060
10304
25809
8118
47176
13020
35940
29512
25072
32666
15985
19255
38358
44628
25484
49433
26837
37136
12968
22844
45803
15165
41541
5503
25594
3964
1479
6634
2505
49336
11971
666
19672
41956
43826
33373
4705
16592
49848
35398
29561
42856
23550
34238
19509
29529
44043
46248
25690
14703
33937
20174
23597
39424
20596
8365
29177
28367
49750
49370
18718
13583
349
19727
18006
40692
14325
4790
25316
16519
23154
46241
2486
27238
29086
3460
20169
25109
16465
43040
18603
16661
49663
11324
30907
13071
29531
12050
21964
3054
43145
17203
8969
47254
35280
19672
36339
31348
28878
22390
28246
36804
12198
7293
33370
20025
20933
15421
3860
9773
29651
40758
46844
12917
25060
23418
8874
36511
2526
44961
9194
9675
49781
937
2094
26851
40465
2904
12883
35945
19473
24320
4155
23147
31161
24333
32809
49061
29847
22110
860
36468
20564
20973
9698
20498
45669
11517
21854
36499
817
32543
40293
16299
34765
6769
43426
43801
30163
6324
14009
6884
9522
26584
9848
7665
38270
23526
5257
8158
13080
27273
5956
31422
45624
4746
27425
42994
32982
31735
48684
33152
46777
26672
30785
11922
31991
26653
14055
10477
6762
40063
3993
14380
48148
4002
13551
23705
35913
41147
41979
9992
31099
46036
7503
2016
45683
47569
6076
13111
35979
6382
47302
11609
22681
14759
23395
34900
6517
44323
23378
48146
29563
2398
38472
26148
7948
3282
9621
11640
5407
15825
48341
40311
34869
21074
6899
31150
17594
18821
8568
38678
35031
45893
23233
39234
46117
25241
38975
17637
3148
9030
25543
46797
41881
16437
17770
24032
32382
15564
48271
24753
5667
48076
23963
31071
41994
26487
5827
47099
544
21083
11256
35411
38367
47376
5074
20176
9137
47370
49336
10728
3840
43994
43770
24193
17480
7447
12994
17619
47581
44597
2015
9753
24777
42224
44497
16644
43550
29175
15683
46219
32505
21943
17713
43938
7255
46179
23835
46406
44994
9965
41794
2291
228
4340
34928
21266
15325
19258
21188
22771
24735
19920
49034
20082
43573
15616
28985
6121
29652
1430
16534
25730
7930
45789
6119
1831
9283
47842
13761
34233
40379
44599
21026
18633
43229
24454
27387
15925
20954
5887
23125
23618
3110
22976
41365
22099
36716
25761
10730
28004
47601
13049
22850
18405
20966
43504
35741
18134
14823
43889
20777
24588
10784
6795
2636
38349
27888
11062
35616
39549
30773
9421
5689
48534
1079
5403
6354
48509
18481
46518
6310
18967
30649
37235
33354
36392
40737
23092
18791
49123
21590
9893
30517
37027
3126
30719
44035
19524
33279
42070
45220
42719
37426
14998
5139
29569
35893
41317
17543
12919
26040
12212
43777
35959
5568
2376
36706
36126
27807
39967
1370
46690
7925
20081
36699
35619
43248
43765
17980
4819
17790
30316
24713
33758
8083
26638
42952
9512
47814
704
32454
38930
48406
11743
34288
48857
39082
10444
33070
40491
27045
31811
11673
39718
44984
42329
45422
49487
2
13697
6122
28972
3107
8491
9637
14623
16654
18299
20907
47823
1228
40465
31573
47524
9213
49674
20199
36319
14042
33027
46098
14772
4502
33237
49993
4437
5891
19825
22641
21596
3008
21096
17922
48532
42496
11672
45162
38660
16070
37519
7809
10666
38236
4925
7879
44528
8691
23674
4025
46798
9877
41281
1746
2684
10694
45704
43150
3297
15561
46637
41098
27597
32655
48942
30519
8591
762
48325
18334
35844
14495
39022
17213
6045
43818
38327
42159
955
25132
4467
31850
30042
47375
44330
30210
46071
3306
41009
10843
41759
319
15489
22300
43046
45538
31159
36670
18225
47429
2568
33395
38800
10798
33486
44084
21275
29818
42339
11587
29656
39066
29304
9487
49158
19500
16307
1046
1162
15477
20036
29141
49267
41706
8498
27018
11500
36605
1942
14586
8221
46180
8547
40271
12798
48406
33553
8809
22858
46863
45541
33126
24028
14115
16190
42268
14120
37487
27119
30466
36600
12443
21428
38591
6113
14667
42819
40842
42738
25109
18512
4896
34937
23885
36892
40725
36530
12075
34203
29329
8684
15102
1569
41147
43978
24442
41625
21108
28531
30269
14690
39114
43446
47536
18230
47581
31917
30889
27495
42831
31997
37949
36537
41268
14552
4114
23414
504
33071
26690
3890
13200
20759
33819
31948
34472
27462
15924
5453
49500
8778
23642
27280
18498
31671
40185
46206
453
1755
15558
6980
33693
8384
4249
26276
10169
35213
17416
42581
36334
40953
32622
29208
46953
45789
26218
30280
36544
35765
14868
41933
17719
32803
41946
21741
43183
17551
34089
7551
40856
5663
21975
33150
16247
2415
13677
22214
8627
3358
45267
18526
41594
13397
13123
1153
39984
26292
11199
13963
47991
22458
40574
36157
34314
8416
4897
19277
26227
31203
10100
20750
1501
38621
30544
41287
33523
10975
33166
31650
49367
15085
7126
4723
37791
27782
30037
6803
45610
23086
45837
33480
23953
35161
45318
2099
3864
10550
46930
13365
22275
33254
16703
43934
28453
14729
19253
20916
9140
48691
7503
27725
33129
29007
28342
14730
259
4096
13433
12576
37595
25728
44857
15699
44738
12055
42769
32352
46614
16042
48994
19768
22947
36253
19660
47221
11703
31990
17594
39658
47214
44848
49140
49515
14588
31448
23175
518
6809
2808
43202
19276
33974
12446
18919
44624
31374
40120
30178
45051
47079
25582
40965
12362
32584
15083
81
8549
34869
6569
16562
45580
32661
27657
13762
37503
38292
34876
35709
6714
43317
29825
32692
6828
38927
7068
42731
13571
15177
8127
16301
49638
11824
1447
36639
34703
18996
6709
42722
5666
32115
10487
25618
40814
8317
5011
31419
26127
903
5167
1548
17725
2395
37232
20659
37268
32892
37341
21848
46561
24231
42432
43094
27110
5268
40505
2868
30107
13757
18110
36225
801
44086
47026
6798
31780
2458
30704
3301
4396
32502
1973
47271
45216
19806
17592
35380
12840
15310
5655
42131
21949
22940
15503
27602
48303
27368
30295
12215
30178
35605
35178
15492
38774
225
41215
37545
17970
49488
19031
9732
1837
20567
31570
43379
31448
20324
39310
47898
40459
44683
45741
592
1754
47420
23729
