1086
2300
3566
2126
1473
1308
569
292
3281
976
4318
1599
2610
2993
2147
2856
2426
3636
1247
3737
1374
2503
4474
1711
2312
1581
452
1566
3213
304
1861
127
4634
3138
4484
4936
4007
536
3860
1104
3372
4468
2520
1437
216
501
1614
852
2384
2213
2057
4429
1108
143
289
2152
421
4546
4718
4095
131
1239
4106
2946
4667
4475
116
657
430
2145
1864
1410
3900
2407
4347
3567
4119
843
4885
4699
4317
331
2999
1897
3181
4382
2468
1328
634
3681
3948
1207
3213
3970
620
809
1828
2547
1529
2181
4337
3779
3858
1366
4758
3951
582
1825
708
2576
3786
1288
283
729
1917
2442
4916
3600
1823
4796
2610
1310
3571
2641
759
3429
2630
3401
1898
549
4936
1193
4901
706
1671
4198
805
374
2970
1679
2420
4359
2107
2455
2808
2052
478
1916
1950
4105
4366
4111
1865
2444
4999
1120
3404
4060
4478
1373
4800
1478
2460
2622
422
2251
113
4033
4382
857
558
3493
2856
2059
43
4261
4952
3816
4015
2115
2023
1790
493
1006
1076
1808
3691
505
1521
4371
4198
1153
3770
3449
1506
1867
1592
4472
4966
1656
3564
1803
1828
4199
4911
2090
3669
2437
2269
1248
2635
1099
1819
2705
4240
4603
614
2198
3132
1248
330
4983
1804
4538
1508
4451
2661
4419
3999
3215
2889
209
3266
2337
4616
704
1691
4151
1543
4627
1853
881
1502
1175
717
3032
123
4877
1211
1281
1541
4161
875
642
3843
1803
4322
648
386
3258
4118
2867
3477
1112
615
3335
2783
1710
986
2503
916
3668
148
4663
4149
1221
2466
4854
4107
3605
3023
3254
2610
1080
4248
202
783
1489
553
340
885
2715
362
4544
2304
3152
2468
3576
1468
851
2126
1108
3912
1844
1492
1581
364
4368
3078
4439
1338
3057
2767
1769
329
2897
1956
4746
139
3295
3212
2418
1409
1988
3151
2282
157
1277
1143
249
2348
3661
3427
4604
3598
237
443
1992
4534
1787
165
2807
1125
2989
1438
2181
2827
2600
4668
2734
2837
634
3384
4663
266
4583
3153
4597
1503
3140
939
3053
4771
2742
1343
969
3796
6
2932
4868
2088
1563
2963
27
4624
4548
384
2367
3967
3105
3452
4243
4496
1956
1487
4110
1093
658
1251
4054
508
4400
3397
770
4596
4875
4244
3953
1893
1856
4035
452
3685
3533
3515
1389
3415
4666
4033
2451
2590
911
2096
331
4952
2148
1471
1444
126
2583
4107
3959
3439
2317
1471
2778
1619
928
1439
2735
1749
689
3637
429
2914
4619
714
147
1199
596
2734
2156
3167
368
4627
1508
817
1211
3812
3405
3552
1923
779
4014
2940
680
679
2225
4701
3105
596
1880
3792
3445
4517
3907
515
266
3204
2408
3674
877
1306
1127
3156
3070
2155
2393
3567
3151
1568
1389
2455
2066
4664
3086
734
2740
4976
372
3718
2
2159
1510
3722
1166
759
505
626
4070
4325
1424
3837
3617
2
520
817
4095
3018
222
1614
3908
529
1303
2840
3488
3661
3235
3267
358
143
415
3273
479
3931
2494
2591
3867
4399
3316
3974
4731
4033
3631
3165
2685
3472
4042
1227
125
1444
623
1962
429
4298
560
4191
209
248
4921
1590
4393
3255
3838
2699
2916
1838
4965
2659
4069
98
2616
1441
1869
4211
1657
4564
2973
2554
3250
3549
485
3983
3176
1791
2854
3063
2139
279
1177
2075
1165
2835
1306
4660
300
3887
4228
4906
3198
1106
3282
4531
1744
1215
1735
2848
1915
3512
3035
4595
3363
1516
4531
2141
1821
4089
4188
2181
4029
3637
2307
2347
2073
3766
1412
4154
2758
1226
749
2779
3013
3576
3374
2326
1441
4157
4087
660
2399
3659
4765
2416
1451
3404
4115
1580
2475
4692
914
103
1274
388
1693
2740
4139
1195
3883
2494
3952
4775
4145
3399
2166
41
1411
4016
4462
1791
3135
1987
2651
1571
3831
2756
2835
4272
369
2382
1717
3780
436
3161
2733
2801
4521
2321
846
3662
572
1163
1237
1083
3389
1320
277
625
352
3772
1077
224
3589
24
3514
930
2684
1595
410
404
3545
4527
2815
4597
2423
1176
171
31
757
367
4398
515
4410
589
4954
3593
1358
3091
1623
4973
3062
1862
4304
4932
4139
1736
4184
3990
3520
1537
282
3310
4471
4037
4581
2700
2791
455
4352
4699
1995
1659
1999
3478
3394
1744
394
3398
4646
3676
2054
2647
3675
1354
91
4177
2262
3047
1634
2081
2328
787
3976
511
1486
4314
267
2299
3758
602
4151
1713
2560
4190
2718
619
494
1065
1290
2285
2202
471
4320
1948
2275
3725
4531
4632
2411
2361
2322
257
183
2300
615
1717
4276
3571
237
2727
1267
3845
2933
1164
4240
1255
3901
3878
3749
3347
3254
3019
4342
1887
904
1112
433
1010
604
2415
1460
1529
3710
4513
4282
3584
4309
3668
67
2044
4680
1588
4279
1413
1462
4416
263
2288
3306
2924
1329
794
3865
972
3414
4474
4170
352
4265
2677
3314
3746
1606
277
4280
436
1756
3971
571
3063
1728
4345
94
1143
1448
2708
2541
3730
2913
2143
1056
2159
1790
1675
2177
4747
3901
1490
2138
1150
223
4043
168
3172
1460
3479
4718
3624
4857
3890
2136
4523
3232
1605
285
4082
2369
1665
2855
1022
3626
4126
4203
2708
3896
2961
3511
2340
4585
2724
1845
1807
2744
887
1531
1842
3652
4604
4075
1392
942
2144
1782
2571
4309
4293
3144
3074
2679
893
3168
159
782
2001
3951
3495
2436
2168
3682
3996
2029
2931
3589
4016
296
77
1726
1167
1977
655
203
2735
46
1417
1570
4060
2884
1045
1275
4700
909
3830
4371
2449
384
2518
4408
3117
94
4404
796
2359
2884
4348
4400
4739
450
1801
3662
4240
2351
1926
4235
403
502
562
447
4210
4401
57
3002
266
3240
2511
3909
4849
4030
1359
2242
4992
1129
