3746
6890
2560
9412
3772
5217
2238
9706
640
4615
5345
5201
547
7157
7159
4441
9574
3538
2143
1760
677
5994
1962
6491
2396
9146
7179
706
4345
2458
8717
8409
8877
6743
6900
4631
9933
6348
6043
7877
5
124
3981
9236
9259
8015
5103
9451
8113
5879
986
6204
6484
2493
6294
770
9586
6237
8002
3994
1928
9131
3345
4138
3465
576
5278
6226
6923
8405
7968
9390
8124
6347
7112
4485
1682
6628
2295
657
79
1889
1917
3691
1811
4873
5292
9010
6972
3779
3163
6744
6232
9969
4566
1513
6747
4873
6163
489
6972
6640
8415
3337
7929
8629
1335
6710
6987
4696
7027
4766
7013
7941
1564
3279
1638
5217
7566
7918
9134
4000
9337
1697
2333
8128
4770
1146
1142
4789
4790
7312
8322
4690
894
9499
657
9489
1789
3804
7836
3183
3991
1431
8086
4183
3228
62
9393
4153
3490
4059
6172
2503
5649
8505
6138
8796
6999
6528
2782
2393
3532
6571
1650
8733
3312
2168
2535
5105
9360
315
6359
5917
5671
1167
1622
1882
6033
6874
423
197
4011
940
8987
6093
838
8708
7860
7497
4491
1023
423
4729
5976
3262
2400
6343
7880
2242
4240
8921
433
2727
5169
1639
1703
5866
3210
5027
6558
2841
7021
106
9804
3397
8494
9429
2141
4694
8975
8700
464
6732
6326
1768
879
6861
3008
339
6044
367
8846
1471
9414
1396
9246
6447
6571
589
7637
1782
3399
701
7767
3386
1899
1227
5881
709
8649
4851
8830
2904
8492
7994
5646
4187
9828
8363
3877
165
4591
6451
1735
1893
8515
9590
1905
3755
4327
9707
5531
7750
562
9211
2889
5115
8043
113
7617
9950
8399
9999
5559
1329
6897
8653
1315
3734
7484
8030
6004
9906
4212
225
3454
1088
8411
2960
2463
6398
7183
6089
7600
8024
6480
2439
6775
3728
1360
9916
5273
5239
1699
9533
412
2731
3477
186
1082
8956
6475
9864
1409
1244
8305
1837
9128
2099
6051
8696
2700
2732
5591
4762
6153
7392
2823
485
6500
5485
7709
7679
3621
7106
1704
8163
1810
1466
5323
8308
8278
7986
7572
6799
6160
3065
2329
780
6232
2003
8046
3344
3004
4761
4084
1251
8809
1217
8923
5337
1029
1894
6024
8815
7193
4516
8658
3043
9164
2146
3558
7616
2859
3036
4523
4501
4853
8571
7184
2145
802
6564
6625
318
8387
3082
3064
7351
5028
8128
3279
4502
1966
2991
9236
6526
3354
7104
9494
7042
8176
1079
9404
7409
4413
1133
5109
7519
4035
6472
4778
8385
4714
4633
223
660
2292
209
136
9562
8350
8785
568
8834
2275
4525
9125
2371
2891
9964
1096
645
8736
4302
7984
9324
4497
5626
2262
2417
9791
6035
1387
1231
5861
7895
6637
3367
276
6948
6312
6849
6988
4567
6794
1775
5607
5458
1759
4927
7120
6569
3515
7150
4305
5098
7926
483
4586
1095
8705
1359
8861
3376
9558
879
4933
481
814
6395
5127
102
2701
5647
1889
3415
5351
3747
7248
3028
9558
1368
5213
4126
7667
5698
2823
6223
4242
7773
652
2807
3418
6333
2976
7156
5921
6278
641
5693
7095
5332
9969
4859
3145
8664
1394
53
9350
656
3776
7302
8414
8210
6279
8941
2165
5701
8406
2689
2407
6555
5115
8639
2694
175
6734
2801
8479
5383
8570
2589
555
4518
7526
6759
8033
113
8769
8772
2137
6603
8124
7756
2507
3888
7073
6107
37
7339
801
5476
2075
1460
2716
7298
8297
3641
9625
1549
1700
2871
502
629
2799
2309
3593
6575
3242
957
9988
1545
6916
1657
6871
4762
2289
6998
5408
1787
1878
2519
9277
3101
225
7145
5650
7253
7510
9406
9718
6123
965
3353
72
539
2391
9605
8431
8293
2134
5313
4382
4231
8092
1116
3879
2277
4628
8121
3654
1698
5245
959
6158
9646
2061
5600
9794
3724
418
5636
3385
9599
9396
1921
5108
8624
4198
3465
7084
9199
9867
6736
132
1635
5349
6201
9806
9087
5304
956
8073
6788
8589
2262
9256
525
2291
7068
4782
2859
9888
3773
6677
3485
534
2084
5631
8267
9728
4935
2083
5759
747
2015
7097
7953
6754
7988
1617
9374
4609
3395
6349
1460
2507
5823
8542
5773
7799
1154
8828
197
9605
6846
8160
2633
5023
5621
2859
2158
6506
3713
3194
7963
732
3217
1777
661
6487
7360
3379
4533
1523
5203
8116
9815
2698
4847
8070
2706
7053
7909
95
1855
6821
1052
2444
4904
2323
649
367
1710
7368
7980
3315
9463
3792
6986
5152
8850
1465
9155
7050
3496
7475
2928
7604
9025
8351
75
2130
2592
3609
3690
7404
2700
3970
2441
6254
2124
7382
6195
2588
8975
4333
6477
7651
2517
6125
8575
9819
3245
9884
4080
4680
7019
2323
2236
9008
4501
6014
8565
3959
6683
7295
2404
1957
3602
5827
5002
6826
6747
6797
4983
4536
3028
638
3974
4574
6986
1654
3251
7301
537
2435
1178
4946
5875
8856
3022
3164
9240
7946
5714
6792
2616
8548
6935
2993
7554
3882
5731
9315
3448
9114
6378
9814
9810
9918
2652
7047
9531
7006
5835
1954
9531
4371
4550
8524
5714
8822
9223
4253
1438
423
566
3003
1930
5018
7032
2689
2051
2491
6504
1950
2775
8146
239
8890
76
34
1331
3860
2267
619
5034
9638
7015
1183
9545
9546
3262
994
2237
502
5466
8410
2597
8290
9844
7686
1706
1226
4919
5899
9292
5599
5148
9609
7291
6616
7975
7693
8847
1415
8109
1312
2260
2854
849
7020
5093
1439
1754
2526
9987
8571
1809
3831
3555
2066
2508
3708
8226
7585
7347
6206
69
5802
2444
4420
1345
6357
7863
7588
7987
7221
9096
6400
1598
773
2908
4829
4703
7776
7705
9775
7822
4640
8727
5617
6179
6671
9205
5249
7507
4137
5786
5735
4166
3555
6281
8837
7093
6068
2560
7050
8165
6641
6925
7521
603
199
876
3831
6171
7633
9762
2282
3185
6474
4639
4300
4459
9004
4740
7751
433
503
8337
9530
5858
5037
4713
4098
5292
8282
789
8740
4056
2161
6481
1398
368
2369
8263
7773
2781
550
4278
801
3057
7596
8590
1085
4286
2879
9611
5011
7057
3086
12
4012
1983
5501
8447
2893
9738
6633
7947
1557
9327
631
1449
3731
2080
678
431
4164
4041
7635
9338
5802
7873
5274
1432
8760
4831
1082
3888
6522
2262
4818
590
2113
9903
343
879
7100
4465
8871
8629
2418
4576
8312
4919
2748
7183
6954
7913
6992
739
2395
3619
9063
2805
489
7792
6144
8435
5330
9814
7022
4181
6935
2428
7404
1399
3039
1309
3297
2743
8424
8024
8015
1165
6728
5617
1157
7682
4193
6808
2308
2238
8659
1108
9390
9986
892
7947
1674
2159
9706
0
9268
3665
1777
9786
8226
651
1080
5613
3186
4400
2318
6952
3791
3051
9018
4522
8706
4764
5824
7153
2708
4320
9983
5137
7777
2683
8455
1293
5113
2437
104
581
769
2862
6805
9052
8102
1103
5256
5508
9905
4127
4015
9288
6550
8030
9812
7238
1383
7442
1690
392
3733
5867
611
3678
7638
9605
8222
9721
1922
6682
5262
3718
3735
2145
3286
6965
9805
5479
7873
3508
5732
1640
9070
7629
5225
9674
3832
7578
1224
4919
3139
5632
107
1381
8994
9487
3536
5491
1878
8132
2232
1890
3937
3192
2780
2493
665
5017
1242
903
9608
4595
2846
2000
1935
5931
3388
6115
1547
5128
3577
4511
1184
6766
4841
1392
4626
4216
4978
6553
9586
6609
3296
3585
9077
2992
162
2583
7489
8334
4866
947
9072
6404
3714
5082
8423
6613
8162
5741
976
9446
3214
6943
9300
8502
8179
4369
4597
6430
6018
8556
4886
1494
5725
1898
6238
5328
5263
2274
4369
4374
6201
9134
1007
587
3606
2379
1065
3008
879
4332
1005
7286
4379
9898
7411
2315
8334
7212
9951
4531
6259
8671
567
5540
2260
1635
1839
1662
2550
2562
1616
9637
1425
7486
4359
2701
7309
7541
2025
6144
5897
51
6260
2942
5780
4357
8753
5778
8670
7365
2710
6301
1321
5639
6648
6850
7497
2047
8365
4093
1882
172
9023
5377
3137
1109
5469
6908
3387
5199
5132
5113
3041
7048
2682
673
8829
131
2387
47
3846
5280
5260
1583
3767
8167
1229
530
1215
849
3868
3409
7313
1316
1156
2251
3275
4185
5605
3806
2643
8923
9236
6238
3629
3389
3715
7412
9882
8776
1420
1669
5931
2145
6902
9693
787
3396
3450
9257
8074
7695
304
3727
1870
5500
7490
3866
8819
8348
9138
1173
2363
2061
7047
8659
3761
7608
8947
9449
7487
4761
5936
665
7840
3500
9112
9980
5984
4544
132
4555
8079
5659
6172
2153
5428
4986
878
9376
6542
4355
4185
6087
5574
3129
2457
5069
8480
8507
797
1286
3633
2122
5155
4815
1210
7044
6070
8990
5218
6866
5470
3451
7186
5834
2582
9509
329
1458
8986
9442
4992
610
9295
9015
5272
1364
8876
2384
3215
2891
1638
2925
8242
8557
2666
4682
4300
2815
388
1609
77
8187
5484
6797
6790
8048
2544
1478
7376
1991
6764
2196
1884
381
3669
4681
2725
6834
9718
7696
3250
6428
6386
5684
6727
5016
8056
3087
5275
7551
1269
5280
9173
7761
7971
3783
6063
4689
8414
3648
9581
4125
3767
2553
6023
4248
6962
2338
9793
6117
1642
6864
5196
1490
7285
7390
7141
4479
4322
6257
1867
4138
7870
4423
8830
5112
5574
9051
8707
5249
3382
3207
2644
7401
1568
598
9220
3815
5305
9028
2624
5380
8189
149
3665
4609
6866
6095
1326
3525
4506
2950
9119
642
5219
770
652
6371
4361
7902
659
4916
2042
9247
6825
6830
5082
7903
5447
9709
8797
2261
3958
7120
2530
1427
5350
2669
5935
7772
7431
398
7638
784
5403
3612
7911
1189
371
9670
2688
323
5877
1054
5024
8652
5551
4592
4921
9271
806
2864
1587
8504
1271
3375
4125
8093
9374
8714
2302
7799
1957
7615
8489
1491
1924
8140
4608
3060
2631
3430
1104
4991
3069
1971
7162
9779
5420
6372
5553
8771
850
8067
9759
5553
1767
8133
3810
904
3038
8251
84
9398
4922
3899
1224
6900
5901
5014
4896
100
2460
9238
2540
2230
6030
6278
1740
8071
6579
1454
7063
1190
1442
1737
7220
4372
6858
7956
1717
5448
4906
8950
692
2076
924
4183
8630
3959
2780
7342
5068
200
8214
1146
8952
3035
3869
6429
5324
4876
5320
9216
9198
7781
1416
2103
2231
4805
7956
1827
8219
720
4101
701
9796
9725
8845
3526
8887
1312
1170
6840
6264
9939
1209
3335
8248
6371
8606
3658
5132
7382
9071
2097
8074
3780
3368
9826
9101
1705
2698
4723
3111
9461
7892
22
2326
8861
7331
988
4271
2210
6821
3495
7063
6779
7642
2305
4145
642
4419
5346
7953
1625
5229
3186
575
4807
1799
9260
1464
7634
8958
3946
9710
7354
1834
4003
751
32
2689
9998
5635
3570
5673
5585
2910
9684
5435
9194
1590
2492
4275
138
9711
3097
9684
297
8834
4097
1944
170
8972
4102
8229
7420
1778
2100
8203
6585
4099
314
7018
2447
6934
5827
3233
5896
3633
6352
4321
409
7003
4372
80
4532
7514
2187
265
2777
3094
8615
2448
8192
975
440
7731
8380
649
2423
7933
2748
4837
6272
4180
7395
1884
1770
9394
4658
6036
9141
9904
943
565
2142
2798
1829
469
7217
4208
3031
5727
2348
4131
466
8067
7436
3773
2046
8007
6823
8945
6784
2858
709
3410
4447
1737
9691
4159
9489
5403
165
3661
1554
1303
2384
9874
2545
6757
3265
2429
790
9986
2133
8948
1651
1709
4966
6549
4087
3454
5911
8941
249
5431
2589
3351
7143
4930
3753
1389
6778
313
3206
4218
517
7061
6908
4368
2587
7582
6686
7012
2091
4370
1606
6935
7001
7937
1803
1600
8362
3156
28
9173
3179
6141
3580
1977
1966
2570
9626
5471
3602
7316
7755
8220
4509
5508
1702
2347
1145
9956
8252
9962
2761
2675
386
3217
9463
8322
1997
2707
1051
5964
6665
4429
5801
7107
342
2459
1016
