11741
21383
9530
18771
10670
4200
16120
15557
16246
9299
16047
3094
7563
16463
19225
23500
19249
15855
21774
2488
12734
11682
20624
14471
11971
16947
10359
22697
19636
23975
23857
5705
11280
10439
7913
1313
22355
23041
14720
10762
4505
16927
9345
20709
15734
19468
4222
20417
3985
12582
11033
5929
21511
2445
10429
7681
16787
5974
23906
13269
12747
24804
10999
5062
14142
23572
1697
24434
23225
5243
5722
22143
10521
510
6829
24900
18970
6750
18646
5139
21574
21526
2982
6287
15106
13770
22940
19614
13250
334
18232
13851
11501
16488
8896
19651
20891
9747
7397
10961
12402
7560
19128
14664
24016
7027
9646
5205
531
14832
16819
24287
23740
2817
14643
8692
6123
24757
3811
13993
1963
19070
21829
7877
22774
1006
22858
6323
5187
19679
22474
218
251
23062
23472
3570
22620
19
14953
6741
9853
24640
1923
23800
13440
21019
5761
14597
3949
8962
13988
3406
12507
10466
20118
13104
8953
14732
13392
18714
20803
15541
17564
20440
5944
5680
17380
9360
22264
11282
5377
22136
2035
8689
11832
7626
22037
10338
10223
19846
309
22294
7845
18130
7133
19584
17695
24320
9084
4965
8974
9924
24822
8417
15630
10857
20229
13194
22962
6263
17745
9227
22491
11355
2987
1823
9528
42
19799
120
19622
18859
6183
20659
1328
21273
10941
1074
19963
19321
24817
13502
8608
14462
4128
24134
8660
7423
3997
5600
3645
9162
24449
8435
1650
22047
8399
9487
10301
6260
21666
8834
22317
9736
463
13503
18187
10021
8319
20989
12454
19975
18813
10945
10490
7092
1726
1721
2636
3223
21390
19615
9776
4021
10246
7350
16787
1315
24731
4947
2053
12202
8099
6987
11934
12233
4033
6685
9865
14157
13032
4812
7493
16550
24171
18716
18040
13113
14587
16310
10575
17654
18290
7209
7329
3245
2596
22983
2921
9882
10381
16889
4274
23922
11325
24464
10005
12601
20304
2473
5357
3778
20923
4356
20308
4834
12385
21266
19998
19601
4851
23184
14267
2846
19949
9876
9363
15757
2173
3763
5921
19032
9799
21364
3770
21184
21540
20045
17655
19414
3218
17656
24205
6722
6396
14657
1006
22055
20433
22751
1817
23617
17146
1276
14484
17524
5765
10443
6001
19850
23607
6685
24447
17664
22390
13576
2175
9335
805
7917
2631
24082
4120
5932
20388
21824
22735
8790
7480
18704
19104
13095
22467
15020
3445
19694
2709
15932
13716
7098
6761
22919
24485
1666
23326
19408
10582
3209
17103
9403
10131
24205
11466
10883
20169
8019
22062
20649
23089
3504
1469
10923
18290
10270
8081
9774
1207
10457
10819
19601
9536
5373
15038
1801
2828
9382
14114
22146
20507
15531
11437
6073
9674
1432
22796
451
6200
23327
11791
18176
701
11955
15426
14858
1083
20616
2359
4340
19060
16154
24569
18657
23906
7336
22652
11755
8774
5773
3312
8012
505
12267
8957
7940
5766
21524
8512
14007
17992
24766
1675
6954
1695
19554
3074
7810
13086
17674
7865
13257
10360
24620
36
1087
17913
10096
18311
10641
17033
9090
13428
3496
13995
4724
3522
23352
12404
12275
22554
14291
21838
4707
14381
13042
14812
20034
4010
13647
17008
4463
9092
24986
3344
20837
2511
17366
7872
2455
11259
16207
11656
3738
9273
7859
1118
11689
16066
1362
19167
6009
18759
2763
10502
20834
12851
18404
23159
7327
5517
16893
15045
4810
20058
5250
21047
11383
6055
15348
21242
19939
24660
20867
24816
10176
22107
3825
16502
6752
2848
9485
4411
14820
6883
13795
892
6808
7128
8869
3044
6436
19368
7848
11545
10297
15568
12030
21338
13278
7799
3739
444
23911
20518
18358
20612
8913
16440
21166
18630
13220
24096
4406
24076
17989
4977
10255
5419
18343
19456
23128
24288
5406
15431
15028
5887
7192
23635
19537
20899
17271
2908
8016
14642
12175
22165
23590
23288
12449
16305
8518
9396
21170
18630
22192
3471
12075
19406
17434
10072
8573
2447
23530
5317
11817
11612
1341
21869
20481
7221
23023
22032
5918
22402
15463
18487
6503
14509
8142
19256
14419
1092
22549
21474
17500
12926
18216
3727
17504
13509
24722
18471
21525
22273
11150
14873
4560
10078
7175
8653
7233
21620
4613
13812
22055
11356
11700
19777
3404
19682
3003
7457
20340
12733
358
3845
7304
1572
19825
8529
23777
6739
24673
16156
9067
4523
5896
24720
14072
9927
14925
14708
13125
16962
10630
12548
709
22006
15931
1770
7632
24504
616
17710
20960
21903
11655
17713
3112
19868
4663
1863
4554
24075
3477
22875
5435
11431
18061
9908
23788
4667
10437
23717
2352
21085
20766
22819
23573
1949
22144
4423
19201
16995
24162
11051
18283
13295
22146
14217
8290
15650
6207
639
14734
13338
12056
3623
10761
5834
12736
10587
11537
8040
15881
2942
15174
21455
21042
13757
282
20357
22679
1636
4226
22815
2907
3877
23128
16377
5893
15787
9657
11370
19948
2380
2554
20483
19383
23501
20706
23384
12846
21232
17971
23279
18607
16385
18971
22582
9958
11038
242
15233
16524
13356
21159
4528
1274
958
14011
18743
20762
10097
11425
22160
13682
2251
21913
13611
24263
16985
16976
21893
14226
2904
20342
5198
24257
15819
9099
596
8436
8043
14086
2742
20258
5053
10580
7019
193
11860
11746
9552
3126
2392
8087
10224
21150
4879
4056
9141
22434
5887
14489
3405
13376
21037
11149
9889
2084
12968
5147
24671
11611
2319
18525
6631
22375
21097
8765
8970
2308
15691
14415
14190
21733
23803
3485
24142
6132
2676
10147
4406
22557
5786
23344
11357
4965
7205
13893
1707
16012
22787
3749
18850
9804
19454
12321
12153
11317
6460
2647
13738
12583
16957
12534
381
22987
20048
18841
18686
24359
5718
9550
22002
13587
8984
19329
18855
17004
11819
4641
7473
21949
2369
2751
13824
21485
10364
22799
9415
18122
12324
2733
1160
16807
2592
1069
530
20940
19233
7494
900
11547
545
8340
5836
370
4979
14776
19880
9018
6748
3407
3894
15315
21478
7868
16959
24346
4230
22010
15950
24128
6348
10402
12934
14280
4543
19742
4553
2748
20451
15360
13453
21284
23098
537
9600
4933
1527
522
21197
6938
21171
19448
16671
14946
18174
24216
9834
16589
255
10591
3177
18828
9151
24236
7593
2324
14479
23853
20837
9655
22962
14459
21139
9167
22052
11867
2347
13983
7282
24697
704
7753
10052
12459
3767
3973
12013
471
17813
12829
6427
15058
1141
4546
8570
23423
22158
16873
12707
9336
15394
5456
23329
8099
17363
1384
18052
3812
12713
2646
11078
331
11631
7361
21259
12546
18603
14786
4222
6950
6187
6819
18991
10495
2269
19494
19305
20069
3375
18115
13671
8721
17254
8069
11798
17781
122
21177
3341
13441
19021
23580
1737
22891
15740
4001
5837
6098
19990
13260
16271
22135
11866
12989
5678
5737
23278
14420
3047
1963
23482
13029
12143
24996
4874
17224
13507
23515
1610
4481
13235
20821
19388
8975
10453
20413
749
17170
17333
8278
16709
11662
6762
6904
15005
17103
13300
2060
8395
21687
13873
15462
5009
6635
19104
2726
24212
23511
2061
4107
4632
22481
2458
12741
21761
16697
3294
205
22980
7131
11983
7219
15588
19349
12260
10308
2000
3827
5045
19086
1265
15373
10724
15713
21466
17018
6020
22595
10920
12596
16583
21256
2097
119
22094
2005
13017
4727
3994
7855
17879
3141
23488
2549
1390
16317
24144
20759
183
4920
20246
8649
6284
1369
6777
14712
23415
9469
16650
5383
23913
9444
18423
4566
20199
167
5332
4512
17175
7453
491
5928
20352
5382
3106
9799
23983
15491
3859
8365
6710
11887
23442
16706
17671
9038
10919
12103
9614
18465
9403
15309
3356
419
18639
6321
19288
13772
23951
16099
22136
783
4886
4426
19325
3321
2588
8207
7724
19089
20674
11722
4561
2510
18213
10092
8102
10994
8929
3530
13954
23353
885
22810
8252
22269
18252
19742
13286
6050
3604
16498
12831
16289
9567
15667
23065
2355
19583
11150
8529
8859
19183
17746
22732
1969
23420
12796
14006
4959
1226
22829
19222
4169
8235
9922
13046
8870
19274
21727
18687
845
21470
18184
16137
21054
16082
23494
5887
18783
24265
16467
12345
12151
21902
15834
8539
9867
16098
11014
547
6458
15879
17437
4912
8870
8049
7264
7886
24034
9980
19490
14397
23371
19313
18290
7073
12908
14906
11495
17525
21578
11004
16976
20777
1848
7677
22893
1818
16584
10819
421
22328
18055
24388
23044
20899
14212
20995
521
24246
3965
17192
2490
22510
12829
13377
9868
5540
13118
20660
15155
16166
8839
22607
19657
3108
15386
17470
24999
15421
17285
5707
190
4194
5490
11508
19584
14354
12357
16934
10816
13277
5114
10624
18387
15333
2513
24554
3921
24750
19599
5388
23412
21861
1170
3379
6804
20070
12504
13958
11148
22480
7549
23567
2612
19636
20647
21909
13348
21051
12359
453
24458
2333
55
12769
17817
18341
3530
1465
5918
23713
4756
6470
20512
9016
560
12334
13523
22661
23152
23225
2408
1856
716
10074
24061
12411
16954
15737
16788
10841
8718
15965
17651
3290
19158
14623
1016
876
11821
21513
239
16148
6538
6653
10905
12482
16180
18059
23162
13106
22644
13906
21280
23999
9559
21264
20331
1298
22151
16277
12157
14824
16701
4441
20039
3921
4756
11405
24621
8981
5285
15671
21807
23841
16011
23311
10389
15031
6634
2774
3143
22236
14273
3719
7398
20002
2497
16197
16842
9830
15121
2204
13769
23988
22856
10372
13625
24414
14886
18184
5594
12876
14198
14477
14435
17253
9100
17926
11647
4251
5479
22116
11540
17236
7412
15858
6152
13229
4959
14862
19576
3218
13870
9228
4518
353
12819
11597
15654
4124
10734
24676
1533
4276
10669
2361
13927
11115
14305
14807
22787
20410
20895
8696
22061
15281
24287
21432
19049
13853
17580
9366
455
3083
17560
5103
13303
11475
4724
16637
10385
19824
5153
11709
16081
8347
1102
23990
11134
23207
7286
1509
14878
632
10925
14094
16792
14965
24271
12581
5773
5844
4549
8610
12523
7492
15516
12554
17656
20694
8956
2210
23479
12957
17043
7807
21130
5092
21347
17185
16661
18006
10615
18358
18418
10265
8813
12866
20439
20244
11711
3924
10568
14167
24732
21780
23753
21506
10823
5569
19045
21022
19465
1895
5812
431
14632
21901
2092
13491
12850
22861
18095
16340
3095
4676
19221
7041
13371
16209
16814
17723
1685
6994
18142
24019
6064
3314
1869
13161
18587
4544
19314
4495
24654
8081
17603
6844
20443
11292
22940
11020
14847
12886
17666
23564
23716
20596
18634
132
21740
1414
10594
6973
6716
1236
7012
20674
14595
24103
2395
15644
3805
19802
2507
14629
13344
19258
18201
23477
23402
21960
22964
15915
11613
19024
10535
13211
21648
6394
21005
15110
12716
981
18479
13135
11288
15563
23716
6386
23569
20520
11494
2871
17945
2612
11069
692
19506
8296
3194
17665
11272
9253
11138
4820
2528
6680
18525
6044
23993
17401
10490
6635
19638
11451
14281
23621
2860
17974
16900
13829
20406
1448
19075
7479
18371
18634
15947
14672
11121
15934
3938
4457
16048
12687
15305
1827
19485
7433
6
19052
8217
13743
8085
15567
5734
16611
13947
19674
13790
16655
3895
4305
4111
16779
8165
20864
20135
11568
1200
9117
511
4569
21988
20548
7519
17881
12621
9660
10351
3135
10503
12678
8693
1590
9203
11230
2136
21777
4922
1219
4344
6724
24057
3840
12887
9861
10089
21173
2776
8417
15626
2671
17043
24836
7556
23076
23834
1384
5234
6435
595
3390
2835
23399
20226
10059
13102
15677
16593
23673
12609
24803
15271
6295
550
8640
24883
22763
22139
14162
1380
5363
13885
23371
8055
1131
1800
9869
7939
7912
22341
24028
5556
1483
18376
10891
19322
6105
6924
6342
5797
11512
24542
12814
10519
14124
11995
17900
22790
10488
9287
19301
4525
17416
24235
24507
19455
23170
23130
7812
6975
23845
22352
1611
5470
2617
5423
5949
22866
8582
22240
10294
6927
2729
22875
6458
5860
21049
394
21503
17109
7064
18392
11031
7721
22997
21185
13788
14143
13246
3838
2924
10242
13010
5089
3500
1958
18028
9359
833
16421
828
7838
8633
19291
17624
9180
12168
21314
9344
19745
14143
2603
10175
10099
6231
9266
17573
7452
13715
17260
465
9266
994
15528
15076
10563
20820
5503
21817
13026
23068
24809
1072
16378
8428
54
6898
5806
23551
22309
70
19979
15263
5028
370
2283
20342
19301
19926
2719
9306
1154
4338
8224
4922
13733
10007
15362
4773
12102
4467
13357
7482
23385
2590
2409
5617
22483
7554
20757
8768
4921
12391
1308
12594
7277
3812
7133
6187
13174
18138
8062
11638
15411
7098
18260
11135
20244
24055
9810
14548
3198
18806
16467
4534
6056
18690
9253
3822
5046
12236
9268
1442
13090
18991
15536
14350
14849
24201
22077
1855
19217
20254
1229
5900
10541
3623
1236
15957
4331
20056
22727
16957
9787
1582
20881
18644
17116
11919
12540
10749
196
22748
15257
16591
2747
15353
14660
6
21813
23110
2862
18985
3674
14790
15288
10382
19140
22788
18330
17938
14341
23445
16429
6525
23866
23960
43
17401
19527
7970
22729
1043
8720
3487
14333
14267
17794
17843
15618
11502
11372
24206
1966
7411
7333
18613
8668
9458
20171
10061
9418
3239
24029
20155
15809
12846
7694
15743
5660
18881
13663
24471
4816
24973
8655
24872
24119
19051
22577
1591
15320
1682
1106
20765
5502
19793
8238
16441
16675
22490
3974
14247
14586
8754
3472
9414
5766
16918
9996
2167
23169
10383
3974
6642
2317
21134
18412
23987
16121
21826
13517
24889
9241
24094
15116
8015
877
17088
1361
7828
4003
7268
10794
10461
5539
14351
14091
3426
20424
23919
11735
6717
22086
2040
24761
10542
13020
2825
19596
6164
23840
1885
18995
8799
10297
12734
6653
11065
10229
8580
6393
651
23711
21538
1794
3203
23628
417
16624
12770
2587
11318
13419
156
5647
20487
18748
19129
5498
16684
17961
20536
22567
1440
21621
4203
18460
11798
17250
10774
4618
23168
19388
21673
7067
12306
611
23365
1815
2781
1332
24755
11739
7488
7797
22344
17759
4705
19883
6845
17257
12561
22714
3418
23651
18574
10128
23674
18478
10786
3630
11282
8066
9400
3996
24548
16475
13230
20376
22632
23921
8870
4259
21417
19580
21583
14208
1213
6946
16921
21650
2431
19599
21198
18664
17831
19384
9363
19992
2136
18748
6502
9766
16170
10159
23521
13190
21662
7244
18844
4518
18575
3510
23417
7201
9656
21403
3937
6033
3176
9238
3796
15012
7026
15055
10438
18362
23273
2889
20860
1784
2209
992
11758
13476
49
14741
3023
20710
23012
3384
10111
3975
20790
41
4178
5497
16020
1355
5825
4667
22044
11949
16854
12815
6564
8293
5996
8969
12862
15523
4469
7982
3073
21632
22734
18175
22435
16354
14693
24345
22978
16845
21267
1842
19210
10335
23011
1825
9032
19359
13930
11722
16677
16283
7249
10166
2031
2846
9014
11819
23961
24146
11129
11429
15771
4775
338
21040
9220
12752
18984
14753
19123
5774
9891
13880
16030
8931
13331
23628
12113
6645
538
7755
9312
20294
20196
22628
3208
20356
18567
4955
24823
19145
1485
18200
4204
20545
12110
16749
21553
1939
2115
11250
22141
17567
10557
3767
20758
6058
12092
3973
803
4153
12883
20977
12336
5376
201
19990
21091
20653
1907
15110
7427
10573
20564
7253
19984
16514
18942
18986
14485
7577
15850
2602
20930
19060
12932
2043
8062
22736
1674
17810
2058
10493
13771
11553
3321
5701
8540
3249
9323
11635
10070
14967
14977
24906
2851
7862
8386
22047
14639
17506
16676
6196
419
13420
23415
22041
2236
11951
2259
24841
14546
2869
17313
7382
11349
13302
21743
370
21674
2167
5261
396
24859
6211
8301
19099
11053
1809
18576
15338
4475
12577
19050
17384
16992
17868
9255
13203
15505
10343
1488
14712
23352
9875
5326
1385
4613
20861
15847
21203
6359
645
7621
3339
4032
157
18796
4861
2431
10520
18572
23905
6879
18620
15324
16058
20069
19381
1536
19820
24671
3712
2585
24018
21767
15384
14723
2721
3607
9249
15124
7308
1646
5775
15239
11052
11784
8225
12440
9556
13412
23312
15435
2231
5591
7798
2429
4718
24015
21877
16700
19338
3690
3341
7939
7402
20500
21632
19573
9850
7646
8486
5770
18528
3524
5241
11063
13124
24327
13644
17248
21227
24601
11533
13841
8272
888
11179
6866
4960
24905
5494
16168
22104
21542
15178
15744
9557
16762
7383
18183
9896
3520
19265
24997
10132
19964
24222
5368
22837
22657
13529
11781
7831
12466
8803
2985
18600
748
7960
5541
17619
1120
13013
21736
13418
4815
22884
10486
9967
8757
19713
20455
6071
11968
21
21842
2860
16034
22532
152
5205
23930
11533
1165
2348
20730
17565
120
8755
2441
20369
6188
3116
10599
22566
19288
16844
6977
1006
337
16076
21067
18682
14815
4180
24418
18174
11828
2731
10236
846
21393
19191
18270
21123
13755
469
8853
17273
22418
18462
7289
8112
3083
3543
23603
13725
23307
10075
22232
15517
24907
8183
15453
20646
21820
18417
4354
8305
9608
9454
18603
8799
5199
11383
19185
7007
707
11743
88
21994
22227
3124
9505
8915
3820
11839
12672
7310
19166
20705
17544
11236
330
60
10682
18512
23410
18956
7716
3146
12216
16888
11518
16901
1824
21025
3064
3542
6210
24237
20935
6003
11191
1944
24966
19006
13157
7713
10793
10205
7565
15916
13173
11616
6858
17649
6939
12118
24108
15176
14156
2323
24770
1166
13558
15306
854
16217
2685
7763
8851
15901
17213
7578
20873
7736
2699
4284
20609
6056
18123
3078
2692
2879
17859
15004
10805
3064
19271
20418
6119
14329
4214
8106
5017
7628
21730
5339
6983
21348
8053
3331
7706
1609
6662
2809
4135
13887
10907
10089
21060
22105
17321
8109
5646
11438
21166
17732
18481
16557
12784
22041
959
15851
5054
15251
20458
3246
12012
23540
21540
2580
11652
4225
2675
4741
18695
21933
12475
10186
12468
18002
15075
40
15271
6381
9417
17389
20347
2869
2033
2158
23754
12248
20392
13810
360
6369
10008
20159
15224
12385
5428
1335
18726
5297
23315
4854
6364
15554
23721
1875
15904
8946
14385
625
24234
5412
10879
23032
23548
4850
4297
6133
746
9473
4846
12835
13664
6120
11063
1332
10939
16774
7402
2712
5760
5560
7733
288
24256
13380
4335
14200
24485
14678
21266
16751
12622
10268
12053
20620
22134
4239
24214
16839
12443
23409
21540
22456
17315
14037
17995
17040
14912
20431
17937
8667
14260
18049
12685
16055
21848
19335
13407
23011
8910
11113
20794
15319
20206
14010
12030
5372
20165
18497
9227
10223
9146
6316
21448
9119
23523
18339
19568
16184
9412
21592
9678
3836
3279
2425
18864
9366
23063
12703
23982
21810
22302
14503
5638
1204
23767
17667
15048
4091
8934
13284
15676
15770
2867
12093
23796
12139
4981
9455
10083
5192
23827
10085
21701
4888
4534
22667
4016
9906
1010
2000
19720
11072
12851
20397
20489
4731
3652
345
10045
3351
22715
16530
1173
19859
6905
8714
7516
5848
11869
6292
22679
11748
11152
22217
13065
6449
18019
13044
24627
982
11092
20414
9825
3730
10512
3150
6327
24880
18482
3473
9610
18276
17410
13586
16731
24160
20913
14766
3350
8395
13712
21678
10425
19351
15016
16242
3424
20157
19819
10527
20301
3663
10650
24916
1076
15514
13249
17815
24861
5590
21173
6527
18115
18596
11213
2829
24113
8731
24494
3820
4372
14558
24104
2978
7268
19405
21102
626
6972
20815
1763
20480
10352
16257
14808
6280
6366
24286
5986
19339
22262
506
15808
17831
15995
23140
13586
22769
10107
15568
8588
18450
8939
7927
14754
24451
5012
16844
14518
6014
2514
7843
22325
23795
530
6775
11016
724
747
11392
18559
18734
5782
11224
18255
23196
19296
14169
13267
16497
12502
11861
14448
17474
295
12496
12395
6678
15973
20574
24398
18643
23757
9373
16271
8654
8039
11687
19401
10582
14927
9438
1915
21965
19257
16811
2911
6396
18876
4734
22982
8034
1629
8276
19990
8801
5764
23631
13781
5966
4491
2872
22551
10275
187
16097
21356
2378
11001
4946
3149
23760
24390
11955
18316
24043
7436
16297
21427
12066
17996
12366
20613
16031
11188
23313
24145
7795
2197
13039
1958
3935
3179
21429
18008
17171
3702
17356
16599
10621
6638
12783
648
12351
3795
23131
12357
2197
10954
4723
1752
6385
19691
15664
23014
5309
11119
17153
20886
18813
3840
12165
12216
15198
3840
16162
5602
2055
3539
10216
734
16234
24697
9296
22135
20447
9707
21330
11250
20062
135
11232
22138
11950
13471
17197
17915
8455
5699
344
22192
5632
8079
20539
11897
7638
12847
10027
3692
13227
24126
14723
23571
9526
11078
22273
11326
13804
9418
10781
263
18370
6736
22594
22068
7718
14786
8506
490
1610
12203
8210
10156
467
10095
7959
4883
14844
19707
21075
18087
2618
16883
9152
9436
19556
6178
14952
23448
4250
14988
13943
4304
21534
10864
1477
7491
19491
8545
4940
23830
17608
331
20226
6270
16329
9043
267
4660
6419
20496
7447
4706
16938
21589
17659
22980
11409
11664
24215
22186
15812
5676
24211
21554
7613
9491
21927
19858
16834
11752
2701
19483
4664
3552
8637
18905
7566
14896
2205
8158
16648
554
2379
10327
1685
18585
1585
13543
17208
8732
9331
3559
11128
4648
19431
8519
11476
23789
1458
10949
19711
11410
19267
10684
6051
16205
278
10809
17405
5467
1032
9239
373
17325
6202
586
10809
5131
22332
5824
14869
16683
9015
24252
11457
20010
7910
21860
21214
12115
15778
17194
7774
17629
7897
17815
743
10638
2235
15075
556
10030
18696
6202
13585
13534
24177
672
21680
16527
5073
13285
10725
1087
22552
10804
4962
12295
19837
10693
19232
13168
20660
3138
24915
15099
13219
22903
8288
10231
12869
23954
11741
837
16946
19210
933
10376
22796
141
18136
20297
1861
16097
24755
14574
10722
19323
3320
21402
23494
5126
9829
5336
11308
1588
20113
13425
910
2296
5577
5565
23579
10739
21182
18934
1928
21877
20535
6048
5974
308
12483
14876
9491
9936
14283
5444
9304
5935
10648
19041
17695
5276
2145
19328
15766
16129
6662
2587
19796
11622
20438
7291
22271
13010
23841
8803
8624
14518
18003
8064
18364
11297
15446
11901
24199
17438
3114
22419
23871
7338
13868
18742
19138
3937
17969
7394
11357
3976
1869
9140
5355
19733
15892
15109
3918
834
5491
12321
6933
21161
5996
24846
16665
8961
24797
19072
1109
6975
1172
7361
9322
8048
12289
22854
24101
14610
4904
20564
3150
1067
8249
8497
222
19937
16638
17784
131
6336
12136
12892
6778
10930
8414
10277
2651
14568
24500
23121
22682
24095
10244
14929
16247
454
1323
6980
21811
7235
20626
12746
13821
7206
16551
9166
12320
750
1208
18855
14867
12271
16660
22536
23390
884
18758
1178
17427
713
21726
22259
22856
2450
1990
12504
20136
21959
11766
19230
2280
11705
1276
3782
8653
2926
10804
14143
544
9344
20943
3926
20506
2915
15723
920
2130
24589
5831
21272
20528
6481
9793
22251
5733
23868
22462
7057
2961
10888
12814
7318
13937
15718
24049
21270
22347
8142
18306
17784
17231
15867
22206
14465
21540
23962
24825
10585
14043
1320
18206
14547
12940
995
10320
7909
17116
22377
2537
20520
7072
7717
18750
2777
6120
1488
12574
9030
22850
9019
20294
21180
7130
11811
146
6421
24860
21077
7545
5999
13934
11409
10085
12407
21852
23516
19142
19565
20185
12373
21747
6569
1038
23177
9372
6131
16507
24897
20134
13392
2000
16089
8492
4088
6398
18844
22046
14405
11302
10587
6729
20438
14286
2100
8227
10089
20692
5575
10377
3079
7680
13572
191
15904
1474
9392
7858
6064
23269
7567
22030
1554
9943
24227
448
10640
9557
6690
11151
17989
272
16238
16603
7769
13070
6149
16610
2812
343
2361
23011
19542
917
13626
21681
5778
4910
23831
1310
1443
18106
6908
19433
20167
19
14421
19941
256
4893
10937
20208
12625
12788
18906
8733
21526
12396
10272
18926
18620
12138
325
12409
23799
19909
2523
373
10594
19831
15474
10082
1673
4550
4902
2379
8163
11609
19972
17937
24764
9409
12725
77
18214
3559
12796
22017
24823
7396
5521
14891
22589
10136
4320
23807
4550
2890
6132
17152
1885
14585
24076
5451
18270
22957
19047
6961
7523
9661
12316
7663
8295
2094
8771
4283
14463
24180
19703
4636
21217
15008
4804
16006
10020
16126
13381
3681
1919
12210
21399
7054
23822
18279
12186
3118
24230
17123
22445
15302
4218
23666
8984
770
19742
23102
8677
8757
14840
6304
6000
17058
14519
7598
14502
2027
24772
15672
16449
9203
2957
16664
11233
1186
11344
10670
4439
7869
21917
21773
18755
8383
11284
24134
3077
6680
20005
16374
9064
22399
2854
17287
19162
9159
87
3760
9705
22420
12809
2826
9440
1641
23261
20728
7798
20632
178
14089
12592
10029
21038
23430
9932
20295
2349
16746
18798
8003
12488
24803
16208
16606
11796
18508
8778
21927
24531
12076
12610
13408
9536
7775
16845
4199
14636
23070
10083
4573
8925
9901
22552
4289
6902
7570
13030
19402
22826
16317
16336
6856
11626
23016
6978
10078
18702
13468
17100
17998
14328
15701
5349
20520
23820
19379
92
15025
3995
24943
23530
2020
24535
6054
15260
7343
18761
24285
23700
24581
12094
11537
8342
5899
8848
14193
11392
13001
15425
15851
5019
11776
17186
12735
8399
2154
18385
18476
11786
16266
13193
12981
16112
23713
7955
21456
15919
10474
3971
20099
15242
14715
24573
18171
12389
2560
20086
186
18072
13942
10271
14124
12052
15016
7436
1358
16538
23234
22427
6068
22243
23984
11968
8238
11594
10465
21398
10910
19374
23246
13999
22888
707
17457
13676
24934
9208
10283
8552
10799
9012
5030
4870
14756
4578
21308
12836
23575
23499
4866
24247
14456
23666
3293
2765
14621
6938
17479
15258
2005
9244
4038
306
19841
12309
2874
6942
18223
22444
7424
11233
15021
6714
3639
13082
1150
15793
2238
20796
21020
7943
18985
11512
17027
14324
17606
2196
6678
7726
21880
12589
19728
23334
21143
13552
9744
12123
19730
815
5346
413
22763
8895
14526
22652
24933
11893
8776
13383
8812
22377
11955
4344
3288
1130
19098
3604
21088
14905
11917
23248
935
21466
14388
375
18950
6605
17499
20097
17470
22547
22266
11670
15015
8444
21024
5680
12378
17069
10196
18493
6568
20302
19631
13987
101
23514
20529
12479
16813
4080
12342
13262
22009
17078
6981
7636
13741
11005
8901
21467
10833
11743
18780
5011
23554
1509
13982
16768
2789
16725
16294
4321
24751
24737
8476
14389
24180
14691
5459
12144
13018
21660
8766
1179
2265
12244
6254
9457
3233
875
22522
18365
22472
10382
19556
11265
12182
18085
17732
20978
13783
12362
21051
19111
19845
1604
14894
1120
7263
20513
8693
16716
19107
23714
21631
7154
7931
6304
5644
16649
14374
17868
13343
19483
9550
14780
29
2756
23585
24634
23422
24952
8078
11062
1975
4171
9918
22980
5066
13602
9157
8712
10147
21806
8931
6990
11375
3433
21428
10958
18259
15345
5288
20980
12534
22041
11583
9142
17092
5095
14253
16302
15881
10568
13846
5967
15030
6431
13742
14365
13994
23165
9327
17109
6888
13507
21944
14283
12185
9715
23999
23659
7142
6428
24667
5103
6701
16403
19840
5231
7469
15702
23199
19950
8847
9237
6489
9801
15347
15898
22201
14563
24924
16567
21795
11555
11353
24198
16213
24503
17057
1187
12560
21194
13178
4286
22475
17560
16919
7997
22700
4987
6291
13175
3851
8598
21598
20474
10958
1670
16771
8174
3403
9329
9875
23531
13653
12734
19450
16468
8365
21140
18547
12399
13812
22047
18683
21148
19987
2973
5879
3235
2448
8726
7419
11747
23381
9378
13937
13421
7766
36
12722
3231
10207
6556
20139
6092
17944
14459
15374
23448
16342
23271
24876
15274
1751
12190
18229
5866
5201
12456
2132
20442
10855
4933
5441
2832
8865
7501
9748
23569
11447
17190
14667
3314
21459
14000
13840
624
21400
6357
2130
5783
4482
17132
24966
24728
21091
15596
6915
5859
12575
17093
9183
316
19309
18059
18880
1242
10875
492
13507
4610
8525
24497
21251
14378
15505
8545
15214
14898
12890
19816
10114
10141
16014
24278
12487
5316
18966
19532
2761
18100
5035
9802
23053
13574
5439
16844
1845
21724
14847
323
17242
4268
619
12663
14621
5317
14846
4234
3250
17293
11441
12912
585
2061
6935
6803
5994
11300
18068
9986
2900
15144
11527
19169
12523
11364
16169
14293
7012
14115
8400
15686
22622
9715
20445
23310
8486
17068
19831
15616
14750
23343
7961
11298
11668
22516
935
6301
5907
2739
7656
12819
13352
16964
20616
4928
6883
15154
24973
6000
2456
819
17508
19592
6321
16027
14576
569
1354
8573
11590
19856
11352
16715
5719
19833
16535
13933
5315
4489
5294
22837
23182
3690
23137
3235
19098
5809
8963
5213
15569
13659
4286
12366
19837
12518
22689
7463
24095
11149
24740
13148
22800
19027
11907
8885
24518
18953
16413
1692
12407
3106
9656
8078
5259
6419
18322
6962
3945
19976
12670
2335
16561
10154
8250
13827
20185
1693
9281
22325
19438
15093
7098
12516
7553
4960
451
15953
11339
19358
18891
12382
4278
3454
7531
18
10762
2419
23112
14909
6569
21491
3513
3038
15352
775
10255
17660
12674
4702
15229
24024
4354
7989
21229
23154
14589
5073
13853
91
6969
21565
4820
4287
10246
17639
4981
7165
21520
1668
24111
14775
5822
5572
17566
16644
13426
1440
8570
2829
2213
24120
9521
12341
934
6169
24316
289
17343
6708
2211
3134
18157
14593
1742
19226
18610
13106
9945
12699
6080
11244
10146
8772
20611
17856
13138
9614
16708
4785
21822
8883
14606
16573
20610
6302
11471
8078
23721
2326
4117
22987
17995
18864
5346
21815
20906
23516
5661
2395
16011
12152
18526
13503
5806
5705
8550
8675
23994
5697
22953
21092
20441
14122
24569
22299
16618
20232
10440
9319
7577
15220
11538
6506
14407
16076
16340
11881
4599
7856
3509
19013
2415
5576
2263
15871
22423
6338
17330
10793
7977
1967
4910
23455
8484
22381
4162
12251
527
10327
23846
13056
20335
15112
23961
1575
10069
1286
20144
22221
575
10931
17876
4894
8449
23448
21254
4482
5752
9562
19962
6477
12731
11766
19285
23581
17030
15664
6421
1364
7436
11567
11804
12334
19448
4429
24815
18332
352
6282
19433
8150
4503
23008
10663
6128
4918
3282
5824
227
24062
15781
17211
21956
8988
10152
19189
4666
17129
24984
4941
24641
22621
17324
6726
23563
9720
2600
24417
1238
24492
23013
11316
777
7354
22996
6538
16768
3368
24987
24024
4191
13604
5817
6594
11210
17840
15851
5896
1267
8786
23809
14888
4397
10318
4026
2857
10173
16490
20772
10953
12681
12062
7505
22796
18353
17558
16571
6585
6849
24005
15167
19450
18616
19215
15135
5993
2683
5580
12194
7994
24755
5452
15662
20897
9117
22891
20686
18704
22832
12435
15198
14420
20545
18864
19643
8045
3714
4452
15464
1928
10113
11912
2458
24627
8196
15411
16309
21829
9387
21578
8480
7711
14550
4132
21220
15179
23733
11137
14834
12711
